,Player,Pos,Age,Tm,G,GS,MP,FG,FGA,FG%,3P,3PA,3P%,2P,2PA,2P%,eFG%,FT,FTA,FT%,ORB,DRB,TRB,AST,STL,BLK,TOV,PF,PTS
0,Precious Achiuwa,PF,21,MIA,32,2,14.0,2.3,4.1,.573,0.0,0.0,,2.3,4.1,.573,.573,1.2,2.3,.528,1.2,2.7,3.9,0.6,0.4,0.5,1.0,1.8,5.9
1,Jaylen Adams,PG,24,MIL,7,0,2.6,0.1,1.1,.125,0.0,0.3,.000,0.1,0.9,.167,.125,0.0,0.0,,0.0,0.4,0.4,0.3,0.0,0.0,0.0,0.1,0.3
2,Steven Adams,C,27,NOP,29,29,28.2,3.6,5.8,.619,0.0,0.0,.000,3.6,5.8,.623,.619,1.0,2.3,.455,4.4,4.8,9.2,2.2,1.0,0.7,1.6,1.9,8.2
3,Bam Adebayo,C,23,MIA,31,31,33.9,7.3,12.9,.569,0.1,0.2,.333,7.3,12.7,.573,.571,4.9,5.7,.848,2.2,7.5,9.6,5.5,0.9,1.0,3.0,2.5,19.6
4,LaMarcus Aldridge,C,35,SAS,19,18,26.6,5.8,12.4,.468,1.4,3.7,.371,4.4,8.7,.509,.523,1.0,1.3,.760,0.8,3.7,4.5,1.9,0.4,0.9,0.9,1.5,13.9
5,Ty-Shon Alexander,SG,22,PHO,3,0,2.7,0.0,1.0,.000,0.0,0.3,.000,0.0,0.7,.000,.000,0.0,0.0,,0.0,0.3,0.3,0.3,0.0,0.0,0.0,0.3,0.0
6,Nickeil Alexander-Walker,SG,22,NOP,26,3,17.5,3.1,7.5,.410,1.0,3.4,.281,2.1,4.1,.519,.474,1.0,1.3,.788,0.2,2.2,2.4,1.8,1.0,0.3,1.2,1.7,8.1
7,Grayson Allen,SG,25,MEM,23,12,24.0,2.9,7.1,.409,2.0,4.9,.407,0.9,2.2,.412,.549,1.5,1.7,.895,0.3,2.5,2.8,2.2,1.0,0.1,0.9,1.3,9.3
8,Jarrett Allen,C,22,TOT,32,14,27.5,4.9,7.3,.672,0.1,0.2,.500,4.8,7.1,.677,.679,3.6,4.9,.732,3.2,6.5,9.7,1.7,0.5,1.8,1.5,1.5,13.4
9,Al-Farouq Aminu,PF,30,ORL,6,3,15.5,1.2,3.0,.389,0.3,1.2,.286,0.8,1.8,.455,.444,0.5,0.8,.600,0.3,3.2,3.5,1.8,1.2,0.5,1.3,0.5,3.2
10,Kyle Anderson,PF,27,MEM,28,28,27.9,5.0,10.2,.486,1.6,4.0,.414,3.3,6.3,.531,.566,2.0,2.7,.747,0.9,5.4,6.3,3.7,1.2,0.7,1.6,1.8,13.6
11,Giannis Antetokounmpo,PF,26,MIL,32,32,33.8,10.4,18.8,.555,1.1,3.9,.286,9.3,14.8,.627,.585,7.0,10.6,.663,1.8,9.9,11.7,5.9,1.3,1.3,3.7,3.0,28.9
12,Kostas Antetokounmpo,PF,23,LAL,2,0,6.5,0.0,1.0,.000,0.0,0.0,,0.0,1.0,.000,.000,0.5,1.0,.500,0.0,2.5,2.5,0.0,0.0,1.0,1.5,0.5,0.5
13,Thanasis Antetokounmpo,SF,28,MIL,23,0,9.1,1.0,1.7,.600,0.1,0.3,.250,1.0,1.4,.688,.625,0.3,0.6,.462,1.0,1.2,2.3,0.7,0.3,0.2,0.8,1.4,2.4
14,Carmelo Anthony,PF,36,POR,31,3,25.2,4.6,11.6,.396,1.6,4.4,.378,2.9,7.2,.406,.467,2.3,2.7,.843,0.6,2.8,3.4,1.3,0.8,0.8,1.0,2.2,13.1
15,Cole Anthony,PG,20,ORL,25,17,26.7,4.0,10.8,.375,1.1,3.3,.325,3.0,7.4,.398,.426,1.8,2.2,.836,0.8,3.6,4.4,3.8,0.7,0.4,2.0,2.0,11.0
16,OG Anunoby,SF,23,TOR,23,23,33.4,5.0,10.3,.479,2.1,5.4,.395,2.8,5.0,.570,.582,1.7,2.3,.755,1.4,4.3,5.7,1.7,1.6,0.7,1.7,2.8,13.8
17,Ryan Arcidiacono,PG,26,CHI,16,0,10.9,1.1,2.7,.419,0.6,1.6,.346,0.6,1.1,.529,.523,0.4,0.4,.857,0.1,1.8,1.9,1.4,0.3,0.0,0.3,0.9,3.2
18,D.J. Augustin,PG,33,MIL,31,3,19.1,1.9,5.5,.347,1.3,3.6,.360,0.6,1.9,.322,.465,1.1,1.2,.895,0.4,1.0,1.3,3.1,0.5,0.0,0.8,0.8,6.2
19,Deni Avdija,SF,20,WAS,26,16,21.8,2.3,5.4,.433,1.1,3.1,.363,1.2,2.3,.525,.535,0.4,0.7,.579,0.5,4.3,4.7,1.5,0.7,0.2,0.8,2.6,6.2
20,Deandre Ayton,C,22,PHO,32,32,31.7,6.2,10.4,.593,0.1,0.5,.250,6.0,9.9,.611,.599,1.8,2.5,.734,3.5,8.2,11.7,1.7,0.3,1.1,1.9,3.1,14.3
21,Udoka Azubuike,C,21,UTA,12,0,4.1,0.3,0.6,.571,0.0,0.0,,0.3,0.6,.571,.571,0.3,0.5,.667,0.3,0.8,1.1,0.0,0.1,0.3,0.3,0.7,1.0
22,Dwayne Bacon,SG,25,ORL,33,20,24.1,3.9,9.3,.416,1.0,2.9,.347,2.9,6.5,.446,.469,1.5,1.8,.814,0.4,2.6,2.9,0.9,0.7,0.1,0.8,1.6,10.2
23,Marvin Bagley III,PF,21,SAC,31,31,25.5,5.5,11.2,.493,1.0,2.7,.373,4.5,8.5,.530,.537,1.7,3.1,.552,2.4,5.2,7.5,0.9,0.5,0.5,1.5,2.5,13.7
24,LaMelo Ball,PG,19,CHO,32,12,28.5,5.5,12.7,.437,1.9,5.3,.351,3.7,7.3,.500,.511,2.1,2.6,.795,1.5,4.5,6.1,6.1,1.6,0.3,2.8,2.8,15.0
25,Lonzo Ball,PG,23,NOP,29,29,31.6,5.2,12.1,.431,3.1,7.7,.401,2.1,4.4,.484,.559,1.0,1.3,.757,0.6,3.6,4.2,5.2,1.4,0.5,2.1,2.3,14.4
26,Mo Bamba,C,22,ORL,15,0,9.1,2.0,3.9,.508,0.3,1.1,.250,1.7,2.9,.605,.542,0.3,0.4,.667,1.2,2.5,3.7,0.3,0.2,0.8,0.3,1.3,4.5
27,Desmond Bane,SG,22,MEM,25,3,22.8,3.6,7.6,.468,1.8,3.9,.449,1.8,3.7,.489,.584,0.7,0.8,.850,0.4,2.2,2.6,1.4,0.6,0.1,1.1,1.9,9.6
28,Harrison Barnes,PF,28,SAC,30,30,35.4,5.4,11.1,.483,1.7,4.4,.394,3.6,6.7,.542,.562,3.8,4.6,.819,1.0,5.2,6.2,3.5,0.9,0.2,1.4,1.3,16.2
29,RJ Barrett,SG,20,NYK,33,33,33.3,6.2,14.4,.428,1.1,3.3,.321,5.1,11.1,.460,.465,2.7,3.7,.732,1.3,4.8,6.2,2.9,0.7,0.2,1.9,2.6,16.1
30,Will Barton,SF,30,DEN,29,25,29.6,4.2,9.9,.427,1.5,4.0,.383,2.7,6.0,.457,.503,1.2,1.6,.739,0.5,3.2,3.8,3.1,0.8,0.4,1.6,1.7,11.2
31,Keita Bates-Diop,SF,25,SAS,9,0,5.2,0.3,1.6,.214,0.1,0.7,.167,0.2,0.9,.250,.250,0.8,0.9,.875,0.3,0.4,0.8,0.4,0.6,0.0,0.0,0.1,1.6
32,Nicolas Batum,SF,32,LAC,32,32,29.4,3.1,6.5,.478,1.9,4.3,.446,1.2,2.1,.544,.628,0.8,1.0,.818,0.9,3.8,4.8,2.3,1.3,0.4,0.7,1.6,9.0
33,Aron Baynes,C,34,TOR,31,24,19.2,2.5,5.9,.424,0.5,2.1,.231,2.0,3.8,.529,.465,0.4,0.5,.688,1.5,3.8,5.4,1.0,0.3,0.4,0.9,2.5,5.9
34,Kent Bazemore,SF,31,GSW,32,0,16.5,2.3,4.8,.493,1.0,2.4,.434,1.3,2.4,.553,.602,0.8,0.9,.800,0.4,2.6,3.0,1.6,0.9,0.6,1.1,2.2,6.5
35,Darius Bazley,PF,20,OKC,33,33,30.7,4.4,11.1,.393,1.5,5.0,.291,2.9,6.1,.478,.459,1.4,1.9,.734,0.6,6.8,7.5,1.6,0.5,0.6,1.8,0.9,11.6
36,Bradley Beal,SG,27,WAS,28,28,35.8,11.5,24.0,.481,2.4,7.2,.333,9.1,16.8,.545,.531,7.3,8.1,.895,1.4,3.9,5.2,4.8,1.4,0.4,3.2,2.6,32.8
37,Malik Beasley,SG,24,MIN,33,32,33.1,7.6,16.7,.455,3.5,8.7,.406,4.1,8.0,.508,.560,1.8,2.2,.847,0.8,3.8,4.6,2.5,0.8,0.2,1.6,1.6,20.5
38,Jordan Bell,C,26,WAS,3,1,16.7,1.7,5.0,.333,0.0,0.7,.000,1.7,4.3,.385,.333,0.0,0.0,,1.7,3.7,5.3,1.7,0.3,1.0,1.0,1.3,3.3
39,DeAndre' Bembry,SF,26,TOR,25,4,15.8,1.9,3.2,.595,0.3,0.8,.381,1.6,2.3,.672,.646,0.6,0.8,.700,0.4,1.6,2.0,1.8,0.6,0.3,0.9,1.5,4.6
40,Dāvis Bertāns,PF,28,WAS,26,3,26.2,3.2,8.6,.371,2.8,7.7,.372,0.3,1.0,.360,.536,1.7,2.1,.833,0.4,2.6,3.0,1.0,0.7,0.3,0.6,2.5,11.0
41,Patrick Beverley,PG,32,LAC,25,25,24.0,2.8,6.2,.442,1.8,4.1,.427,1.0,2.1,.472,.583,1.0,1.3,.788,0.9,2.9,3.8,2.2,0.9,0.7,0.9,3.2,8.3
42,Saddiq Bey,SF,21,DET,31,14,22.2,3.2,7.5,.422,2.2,5.2,.414,1.0,2.3,.443,.567,1.4,1.6,.840,0.5,3.4,3.9,1.1,0.6,0.0,0.7,1.5,9.8
43,Tyler Bey,SF,22,DAL,4,0,3.3,0.5,1.3,.400,0.0,0.0,,0.5,1.3,.400,.400,0.5,1.0,.500,0.5,0.3,0.8,0.0,0.0,0.3,0.0,0.5,1.5
44,Khem Birch,C,28,ORL,33,1,20.5,2.2,4.5,.500,0.1,0.4,.250,2.2,4.1,.522,.510,1.5,2.1,.739,2.6,2.9,5.5,1.1,0.6,0.8,0.6,1.5,6.1
45,Goga Bitadze,C,21,IND,14,0,9.1,1.6,2.8,.564,0.1,0.9,.167,1.4,1.9,.741,.590,0.6,0.9,.750,0.6,1.4,2.1,0.2,0.2,1.0,0.3,1.7,3.9
46,Bismack Biyombo,C,28,CHO,30,16,21.9,2.3,4.2,.551,0.0,0.0,.000,2.3,4.2,.556,.551,0.8,1.8,.472,2.1,3.5,5.6,1.4,0.3,1.2,0.9,2.5,5.5
47,Nemanja Bjelica,PF,32,SAC,16,1,16.9,2.9,6.2,.475,0.7,2.4,.282,2.3,3.8,.600,.530,1.7,2.2,.771,0.9,3.1,4.0,2.2,0.2,0.1,1.1,1.7,8.3
48,Eric Bledsoe,SG,31,NOP,31,30,29.0,4.6,10.4,.440,2.1,5.3,.393,2.5,5.2,.488,.539,1.3,2.1,.631,0.5,2.9,3.4,3.5,0.7,0.3,1.7,1.5,12.5
49,Keljin Blevins,SF,25,POR,9,0,5.2,0.2,1.2,.182,0.0,0.4,.000,0.2,0.8,.286,.182,0.0,0.0,,0.0,0.2,0.2,0.4,0.2,0.0,0.3,0.4,0.4
50,Bogdan Bogdanović,SG,28,ATL,9,2,23.7,3.3,8.7,.385,2.3,6.4,.362,1.0,2.2,.450,.519,0.9,1.0,.889,0.2,3.6,3.8,2.1,0.4,0.1,1.2,2.0,9.9
51,Bojan Bogdanović,SF,31,UTA,33,33,30.5,5.1,11.8,.430,2.6,6.5,.400,2.5,5.3,.466,.540,2.6,3.0,.850,0.5,3.3,3.8,2.0,0.5,0.1,1.5,1.7,15.4
52,Bol Bol,PF,21,DEN,13,2,5.9,0.7,1.4,.500,0.2,0.5,.429,0.5,0.8,.545,.583,0.1,0.2,.500,0.0,0.7,0.7,0.2,0.2,0.3,0.5,0.6,1.7
53,Marques Bolden,C,22,CLE,6,0,4.8,0.2,0.5,.333,0.0,0.0,,0.2,0.5,.333,.333,0.8,1.3,.625,0.5,0.5,1.0,0.0,0.3,0.3,0.3,0.0,1.2
54,Jordan Bone,PG,23,ORL,14,0,14.0,1.6,3.9,.426,0.7,2.3,.313,0.9,1.6,.591,.519,0.0,0.0,,0.3,1.4,1.7,1.3,0.1,0.0,0.2,0.8,4.0
55,Isaac Bonga,SF,21,WAS,19,7,12.7,0.8,2.1,.410,0.5,1.3,.417,0.3,0.8,.400,.538,0.1,0.2,.667,0.4,1.7,2.2,0.6,0.3,0.2,0.4,1.5,2.3
56,Devin Booker,SG,24,PHO,28,28,34.4,9.1,18.4,.497,2.1,5.7,.375,7.0,12.7,.552,.555,4.4,5.3,.832,0.2,3.4,3.6,4.3,0.9,0.3,3.4,3.1,24.9
57,Chris Boucher,C,28,TOR,34,2,23.3,4.6,8.7,.527,1.6,3.6,.447,3.0,5.1,.584,.620,2.2,2.9,.758,1.9,4.6,6.5,1.0,0.6,2.0,0.6,2.7,13.0
58,Brian Bowen,SF,22,IND,1,0,5.0,1.0,2.0,.500,0.0,0.0,,1.0,2.0,.500,.500,1.0,1.0,1.000,0.0,1.0,1.0,0.0,0.0,0.0,0.0,0.0,3.0
59,Avery Bradley,SG,30,MIA,10,1,21.1,3.1,6.6,.470,1.6,3.8,.421,1.5,2.8,.536,.591,0.7,0.9,.778,0.2,1.6,1.8,1.4,0.7,0.1,0.9,2.6,8.5
60,Tony Bradley,C,23,PHI,11,1,11.0,1.8,3.4,.541,0.0,0.1,.000,1.8,3.3,.556,.541,0.3,0.5,.600,1.9,2.6,4.5,0.5,0.3,0.5,0.1,1.0,3.9
61,Jarrell Brantley,PF,24,UTA,9,0,3.0,0.4,1.1,.400,0.3,0.8,.429,0.1,0.3,.333,.550,0.0,0.0,,0.2,0.6,0.8,0.0,0.1,0.1,0.1,0.4,1.2
62,Ignas Brazdeikis,SF,22,NYK,4,0,1.8,0.0,0.3,.000,0.0,0.0,,0.0,0.3,.000,.000,0.5,0.5,1.000,0.3,0.3,0.5,0.3,0.0,0.0,0.3,0.0,0.5
63,Mikal Bridges,SF,24,PHO,32,32,32.5,5.0,9.6,.520,2.0,4.7,.423,3.0,4.9,.611,.623,1.9,2.3,.827,1.2,3.8,5.0,2.2,0.7,1.0,0.7,1.7,13.8
64,Miles Bridges,PF,22,CHO,32,2,26.5,3.7,7.7,.478,1.3,3.5,.375,2.4,4.2,.563,.563,1.2,1.3,.927,1.3,4.3,5.6,1.9,0.8,0.7,1.8,2.3,9.9
65,Malcolm Brogdon,PG,28,IND,31,31,35.9,8.1,18.4,.440,2.5,6.6,.383,5.5,11.8,.471,.509,2.6,2.9,.910,0.8,4.0,4.8,6.4,1.2,0.3,2.1,1.9,21.4
66,Dillon Brooks,SF,25,MEM,26,26,29.2,6.1,15.3,.398,1.9,5.9,.327,4.2,9.4,.443,.461,1.7,2.1,.800,1.0,2.2,3.2,2.5,1.3,0.4,2.2,3.3,15.8
67,Bruce Brown,PG,24,BRK,30,17,20.1,3.2,5.6,.581,0.2,0.9,.222,3.0,4.7,.650,.599,1.0,1.4,.721,1.4,3.1,4.5,1.2,0.8,0.3,0.8,2.0,7.7
68,Jaylen Brown,SG,24,BOS,31,31,33.8,9.5,19.1,.496,2.3,6.0,.385,7.1,13.0,.547,.557,3.8,4.9,.781,1.1,4.4,5.5,4.0,1.1,0.5,2.9,2.9,25.0
69,Moses Brown,C,21,OKC,7,0,4.4,1.0,1.4,.700,0.0,0.0,,1.0,1.4,.700,.700,1.0,2.0,.500,0.6,1.6,2.1,0.4,0.1,0.6,0.1,0.6,3.0
70,Sterling Brown,SG,25,HOU,29,1,21.4,2.8,6.0,.457,1.6,3.7,.421,1.2,2.3,.515,.586,0.3,0.4,.909,0.7,3.4,4.1,1.8,0.9,0.2,0.7,1.9,7.4
71,Troy Brown Jr.,SF,21,WAS,15,0,15.0,1.7,4.6,.377,0.7,2.5,.289,1.0,2.1,.484,.457,0.5,0.8,.583,0.5,2.8,3.3,0.9,0.1,0.1,0.8,1.7,4.7
72,Jalen Brunson,PG,24,DAL,27,6,24.4,4.4,8.4,.524,1.3,3.1,.422,3.1,5.3,.583,.601,2.2,2.5,.881,0.2,3.1,3.3,3.4,0.4,0.0,1.3,1.5,12.3
73,Thomas Bryant,C,23,WAS,10,10,27.1,5.9,9.1,.648,0.9,2.1,.429,5.0,7.0,.714,.698,1.6,2.4,.667,1.8,4.3,6.1,1.5,0.4,0.8,1.1,3.1,14.3
74,Reggie Bullock,SF,29,NYK,28,28,26.4,3.1,7.6,.410,1.7,4.6,.369,1.4,2.9,.476,.524,0.6,0.8,.857,0.3,3.1,3.4,1.3,0.7,0.2,0.7,2.3,8.6
75,Trey Burke,PG,28,DAL,30,0,16.5,2.7,6.2,.443,1.2,3.2,.389,1.5,3.0,.500,.543,0.8,1.0,.862,0.1,0.9,1.0,1.5,0.7,0.1,0.6,1.4,7.5
76,Alec Burks,SG,29,NYK,21,3,25.1,3.7,9.1,.408,2.1,5.0,.419,1.6,4.1,.395,.524,2.1,2.5,.846,0.6,4.1,4.7,2.0,0.7,0.2,1.1,1.9,11.6
77,Jimmy Butler,SF,31,MIA,21,21,33.1,6.3,14.3,.442,0.3,1.5,.219,6.0,12.8,.468,.453,7.1,8.3,.862,2.1,5.7,7.8,7.8,1.9,0.4,2.3,1.1,20.1
78,Bruno Caboclo,PF,25,HOU,6,0,6.0,1.3,2.8,.471,0.0,0.8,.000,1.3,2.0,.667,.471,0.2,0.3,.500,0.5,1.8,2.3,0.2,0.0,0.3,0.7,1.0,2.8
79,Devontae Cacok,PF,24,LAL,3,0,3.3,1.0,1.0,1.000,0.0,0.0,,1.0,1.0,1.000,1.000,0.0,0.0,,0.0,0.3,0.3,0.0,0.3,0.0,0.0,0.0,2.0
80,Kentavious Caldwell-Pope,SG,27,LAL,30,30,26.0,3.1,6.9,.447,1.6,3.9,.410,1.5,3.0,.494,.563,1.0,1.2,.861,0.5,1.8,2.2,1.4,0.7,0.3,1.1,1.6,8.8
81,Facundo Campazzo,PG,29,DEN,29,1,16.0,1.6,4.2,.388,1.1,2.9,.376,0.5,1.2,.417,.521,1.0,1.3,.811,0.2,0.8,1.0,2.1,0.9,0.2,0.8,1.9,5.4
82,Vlatko Čančar,PF,23,DEN,16,0,3.6,0.3,0.9,.267,0.1,0.5,.125,0.2,0.4,.429,.300,0.1,0.2,.667,0.2,0.6,0.8,0.1,0.3,0.1,0.4,0.3,0.7
83,Clint Capela,C,26,ATL,30,30,29.5,6.5,10.9,.595,0.0,0.0,,6.5,10.9,.595,.595,1.8,3.2,.546,4.8,9.3,14.1,0.9,0.8,2.2,1.4,2.3,14.7
84,Vernon Carey Jr.,C,19,CHO,3,0,2.0,0.3,1.0,.333,0.0,0.3,.000,0.3,0.7,.500,.333,0.3,0.7,.500,0.7,0.3,1.0,0.3,0.0,0.3,0.0,0.0,1.0
85,Jevon Carter,PG,25,PHO,27,0,10.1,1.0,2.9,.351,0.6,2.0,.302,0.4,0.9,.458,.455,0.1,0.1,1.000,0.1,1.3,1.4,1.2,0.4,0.3,0.2,1.1,2.7
86,Wendell Carter Jr.,C,21,CHI,21,21,27.0,4.8,8.7,.552,0.3,0.9,.316,4.5,7.8,.579,.568,2.8,3.8,.738,1.9,5.8,7.7,2.2,0.8,0.9,2.0,3.2,12.7
87,Michael Carter-Williams,SG,29,ORL,14,9,25.7,2.9,8.2,.357,0.4,1.9,.185,2.6,6.3,.409,.378,1.6,2.1,.767,1.8,2.9,4.7,3.6,0.5,0.6,1.9,2.6,7.9
88,Alex Caruso,PG,26,LAL,27,0,19.9,2.0,4.9,.414,0.9,2.4,.385,1.1,2.5,.441,.508,0.5,0.6,.813,0.6,2.0,2.6,2.3,1.1,0.2,1.1,1.8,5.5
89,Willie Cauley-Stein,C,27,DAL,29,10,17.8,2.3,3.7,.611,0.0,0.2,.167,2.2,3.5,.637,.616,1.1,1.7,.646,1.3,3.4,4.7,0.8,0.3,0.7,0.6,2.4,5.7
90,Chris Chiozza,PG,25,BRK,13,0,9.1,1.1,3.3,.326,0.5,1.5,.350,0.5,1.8,.304,.407,0.7,0.8,.818,0.2,0.7,0.9,2.5,0.3,0.2,0.6,0.7,3.4
91,Marquese Chriss,PF,23,GSW,2,0,13.5,2.5,7.0,.357,0.5,2.5,.200,2.0,4.5,.444,.393,1.0,2.0,.500,1.5,5.0,6.5,1.0,0.0,1.0,1.0,1.5,6.5
92,Gary Clark,SF,26,ORL,27,11,20.5,1.1,3.9,.286,0.9,3.3,.258,0.3,0.6,.438,.395,0.3,0.3,.889,1.1,2.4,3.5,0.9,0.4,0.2,0.6,1.1,3.4
93,Brandon Clarke,PF,24,MEM,24,15,26.8,5.2,10.3,.500,0.6,1.8,.333,4.6,8.6,.534,.528,1.3,2.0,.681,1.5,3.9,5.4,1.6,1.1,0.7,0.6,1.6,12.3
94,Jordan Clarkson,SG,28,UTA,33,0,26.0,6.7,14.8,.449,3.2,8.6,.375,3.4,6.2,.551,.558,1.5,1.6,.962,0.8,3.0,3.9,2.2,1.0,0.2,1.7,1.5,18.1
95,Nicolas Claxton,C,21,BRK,2,0,14.5,2.5,4.5,.556,0.0,0.0,,2.5,4.5,.556,.556,2.5,3.5,.714,0.0,2.0,2.0,1.0,2.0,1.5,0.5,0.5,7.5
96,Amir Coffey,SG,23,LAC,20,0,7.7,1.1,2.0,.525,0.6,1.1,.524,0.5,1.0,.526,.663,0.2,0.5,.333,0.2,0.6,0.8,0.4,0.2,0.0,0.4,0.6,2.8
97,John Collins,PF,23,ATL,33,33,30.7,6.9,12.9,.538,1.3,3.5,.383,5.6,9.4,.595,.589,2.4,2.8,.849,2.2,5.3,7.5,1.5,0.5,0.9,1.3,3.3,17.6
98,Mike Conley,PG,33,UTA,27,27,29.2,5.6,12.5,.447,2.8,6.8,.415,2.8,5.7,.484,.559,2.2,2.7,.822,1.0,2.6,3.6,5.7,1.5,0.1,2.0,1.9,16.2
99,Pat Connaughton,SG,28,MIL,30,0,20.4,2.2,5.0,.444,1.3,3.4,.392,0.9,1.6,.551,.576,0.4,0.5,.800,0.8,3.0,3.9,1.5,0.7,0.5,0.4,1.6,6.2
100,Quinn Cook,PG,27,LAL,16,0,3.9,0.8,1.6,.462,0.3,0.8,.385,0.4,0.8,.538,.558,0.3,0.3,.800,0.0,0.3,0.3,0.3,0.1,0.1,0.2,0.1,2.1
101,Tyler Cook,PF,23,BRK,1,0,6.0,0.0,0.0,,0.0,0.0,,0.0,0.0,,,0.0,0.0,,0.0,0.0,0.0,0.0,0.0,0.0,1.0,2.0,0.0
102,DeMarcus Cousins,C,30,HOU,25,11,20.2,3.2,8.4,.376,1.6,4.6,.336,1.6,3.8,.426,.469,1.8,2.4,.746,1.2,6.4,7.6,2.4,0.8,0.7,1.6,3.0,9.6
103,Robert Covington,PF,30,POR,30,30,31.4,2.5,7.1,.355,1.6,5.0,.320,0.9,2.1,.438,.467,0.6,0.7,.864,0.9,5.6,6.4,1.7,1.5,1.0,1.2,2.5,7.3
104,Torrey Craig,SF,30,MIL,16,0,11.4,1.1,2.5,.425,0.5,1.2,.421,0.6,1.3,.429,.525,0.1,0.1,.500,0.8,1.7,2.4,0.8,0.6,0.3,0.3,1.4,2.7
105,Jae Crowder,PF,30,PHO,29,17,27.4,3.4,8.7,.394,2.4,6.6,.361,1.0,2.1,.500,.532,1.0,1.1,.848,0.4,4.6,5.0,2.2,0.9,0.2,0.8,2.0,10.2
106,Jarrett Culver,SG,21,MIN,16,7,21.2,3.2,6.9,.459,0.5,1.9,.258,2.7,5.0,.538,.495,1.3,2.1,.606,1.6,3.4,5.0,0.9,0.7,0.4,1.3,2.4,8.1
107,Seth Curry,SG,30,PHI,25,25,29.6,4.6,9.4,.483,2.1,4.4,.468,2.5,5.0,.496,.593,1.8,1.9,.938,0.2,1.9,2.1,2.7,0.9,0.3,1.5,1.7,13.0
108,Stephen Curry,PG,32,GSW,33,33,34.3,9.8,20.5,.480,4.9,11.8,.415,4.9,8.7,.568,.600,5.3,5.7,.941,0.5,5.0,5.5,6.3,1.2,0.1,3.2,1.8,29.9
109,Anthony Davis,PF,27,LAL,23,23,32.8,8.9,16.7,.533,0.7,2.5,.293,8.1,14.1,.575,.555,4.0,5.7,.715,2.0,6.3,8.4,3.0,1.3,1.8,2.0,1.8,22.5
110,Ed Davis,C,31,MIN,19,7,13.9,0.9,2.3,.419,0.0,0.0,,0.9,2.3,.419,.419,0.4,0.4,.875,2.0,3.1,5.1,1.0,0.5,0.5,0.3,2.6,2.3
111,Terence Davis,SG,23,TOR,28,2,13.9,2.5,5.8,.426,1.3,3.5,.381,1.1,2.3,.492,.540,0.4,0.4,.917,0.3,1.6,1.9,0.9,0.5,0.2,0.7,1.5,6.6
112,DeMar DeRozan,PF,31,SAS,25,25,33.4,6.6,13.4,.488,0.6,1.9,.333,5.9,11.5,.514,.512,6.0,6.8,.893,0.8,4.2,5.0,6.9,0.8,0.3,1.6,1.8,19.8
113,Hamidou Diallo,SG,22,OKC,32,5,23.8,4.5,9.3,.481,0.4,1.3,.293,4.1,8.0,.512,.502,2.6,4.1,.629,1.2,4.0,5.2,2.4,1.0,0.4,1.5,2.6,11.9
114,Gorgui Dieng,C,31,MEM,21,1,17.3,2.5,4.8,.525,1.0,2.0,.488,1.5,2.8,.552,.629,1.6,1.9,.872,1.3,3.2,4.5,1.3,0.8,0.7,1.0,1.8,7.7
115,Spencer Dinwiddie,SG,27,BRK,3,3,21.3,2.0,5.3,.375,0.7,2.3,.286,1.3,3.0,.444,.438,2.0,2.0,1.000,0.0,4.3,4.3,3.0,0.7,0.3,1.7,1.3,6.7
116,Donte DiVincenzo,SG,24,MIL,33,33,26.7,4.0,9.4,.430,2.0,5.0,.400,2.0,4.4,.465,.537,0.5,0.8,.640,1.2,3.4,4.6,3.0,1.1,0.2,1.2,1.5,10.5
117,Luka Dončić,PG,21,DAL,30,30,35.1,9.9,20.8,.474,2.6,7.3,.353,7.3,13.6,.538,.535,6.2,8.1,.770,0.9,7.6,8.4,9.0,1.0,0.7,4.3,2.1,28.5
118,Luguentz Dort,SG,21,OKC,32,32,29.9,4.4,11.0,.402,2.0,6.0,.333,2.4,5.0,.484,.493,1.9,2.6,.747,0.7,2.8,3.5,1.5,0.8,0.3,1.5,2.4,12.8
119,Damyean Dotson,SG,26,CLE,27,6,19.7,2.7,6.8,.402,1.0,3.7,.273,1.7,3.1,.553,.476,0.7,1.0,.692,0.1,1.6,1.8,2.2,0.4,0.1,0.8,0.9,7.1
120,Devon Dotson,PG,21,CHI,1,0,10.0,2.0,4.0,.500,0.0,0.0,,2.0,4.0,.500,.500,0.0,0.0,,0.0,1.0,1.0,0.0,0.0,0.0,0.0,1.0,4.0
121,Sekou Doumbouya,PF,20,DET,29,2,13.2,1.4,4.2,.333,0.4,1.8,.250,1.0,2.4,.394,.386,0.6,0.8,.739,0.6,1.9,2.4,0.7,0.4,0.1,0.6,1.6,3.9
122,PJ Dozier,SG,24,DEN,17,0,19.4,2.6,5.5,.468,0.9,2.2,.405,1.7,3.4,.509,.548,1.1,1.5,.720,0.9,3.2,4.1,1.4,0.5,0.6,0.8,1.7,7.1
123,Goran Dragić,PG,34,MIA,19,6,26.6,5.4,11.7,.457,1.7,4.6,.375,3.6,7.1,.511,.531,2.5,3.1,.814,0.4,2.6,3.0,5.0,0.6,0.1,2.9,2.6,15.0
124,Andre Drummond,C,27,CLE,25,25,28.9,7.2,15.2,.474,0.0,0.3,.000,7.2,14.9,.484,.474,3.1,5.2,.597,4.0,9.4,13.5,2.6,1.6,1.2,3.2,2.8,17.5
125,Jared Dudley,PF,35,LAL,8,0,4.9,0.3,0.4,.667,0.3,0.4,.667,0.0,0.0,,1.000,0.0,0.0,,0.4,0.9,1.3,0.4,0.0,0.0,0.1,0.4,0.8
126,Kevin Durant,PF,32,BRK,19,18,35.7,9.9,18.9,.524,2.6,5.9,.434,7.3,12.9,.565,.592,6.6,7.6,.869,0.4,6.9,7.3,5.3,0.7,1.4,3.5,2.3,29.0
127,Anthony Edwards,SG,19,MIN,33,16,28.7,5.3,14.2,.370,1.9,5.9,.316,3.4,8.3,.409,.436,1.9,2.3,.805,0.6,3.2,3.9,2.6,0.8,0.4,1.7,1.5,14.3
128,Carsen Edwards,SG,22,BOS,14,1,10.5,2.1,4.5,.460,0.8,2.4,.324,1.3,2.1,.621,.548,0.5,0.6,.778,0.1,0.9,1.0,0.4,0.3,0.1,0.1,1.1,5.4
129,CJ Elleby,SF,20,POR,13,0,8.1,1.1,2.4,.452,0.4,1.5,.263,0.7,0.9,.750,.532,0.5,0.7,.667,0.3,0.8,1.1,0.2,0.3,0.2,0.2,1.4,3.0
130,Wayne Ellington,SG,33,DET,25,22,22.6,3.4,7.8,.434,2.4,6.0,.404,1.0,1.8,.533,.589,0.6,0.9,.682,0.3,1.4,1.7,1.5,0.4,0.2,0.7,1.6,9.8
131,Joel Embiid,C,26,PHI,27,27,32.7,9.2,17.8,.516,1.2,2.9,.405,8.0,14.9,.537,.549,10.0,11.7,.858,2.1,9.1,11.2,3.1,1.3,1.3,3.3,2.5,29.6
132,James Ennis,SF,30,ORL,24,23,21.4,2.5,5.0,.500,0.9,2.0,.447,1.6,3.0,.534,.588,1.4,1.8,.786,1.1,2.8,3.9,1.3,0.8,0.3,0.9,2.2,7.3
133,Drew Eubanks,C,23,SAS,12,0,12.3,1.4,3.4,.415,0.0,0.0,,1.4,3.4,.415,.415,1.0,1.3,.750,0.6,2.7,3.3,0.4,0.1,1.3,0.5,1.2,3.8
134,Dante Exum,SG,25,CLE,6,3,19.3,1.7,4.3,.385,0.3,1.8,.182,1.3,2.5,.533,.423,0.2,0.3,.500,0.3,2.5,2.8,2.2,0.7,0.3,1.2,1.5,3.8
135,Tacko Fall,C,25,BOS,8,0,7.1,1.1,1.6,.692,0.0,0.0,,1.1,1.6,.692,.692,0.4,1.0,.375,1.0,1.6,2.6,0.1,0.0,1.3,0.1,1.3,2.6
136,Derrick Favors,C,29,UTA,31,0,16.3,2.5,3.9,.645,0.0,0.0,.000,2.5,3.9,.650,.645,1.3,1.7,.788,1.9,3.5,5.5,0.8,0.5,1.0,0.6,2.4,6.4
137,Cristiano Felício,C,28,CHI,6,0,6.3,0.5,0.7,.750,0.0,0.0,,0.5,0.7,.750,.750,0.8,1.3,.625,1.0,1.0,2.0,0.8,0.3,0.0,0.5,0.5,1.8
138,Terrance Ferguson,SG,22,PHI,8,0,3.5,0.0,0.5,.000,0.0,0.4,.000,0.0,0.1,.000,.000,0.0,0.0,,0.0,0.1,0.1,0.3,0.0,0.0,0.1,0.5,0.0
139,Bruno Fernando,C,22,ATL,17,0,8.6,0.6,1.4,.435,0.0,0.1,.000,0.6,1.2,.476,.435,0.5,0.9,.600,0.7,2.6,3.3,0.5,0.1,0.1,0.8,0.9,1.7
140,Yogi Ferrell,PG,27,CLE,2,0,20.0,4.0,10.5,.381,1.5,4.5,.333,2.5,6.0,.417,.452,0.0,1.0,.000,1.5,2.0,3.5,2.5,1.5,0.5,1.5,2.0,9.5
141,Dorian Finney-Smith,PF,27,DAL,22,22,31.1,3.0,7.4,.414,1.8,5.0,.355,1.3,2.4,.538,.534,0.5,0.5,.833,1.4,3.5,4.9,1.2,1.0,0.4,0.6,2.8,8.3
142,Malachi Flynn,PG,22,TOR,15,0,8.3,0.8,3.0,.267,0.3,1.7,.192,0.5,1.3,.368,.322,0.3,0.4,.667,0.1,0.7,0.7,1.1,0.3,0.0,0.3,0.8,2.2
143,Bryn Forbes,SG,27,MIL,33,6,19.2,3.5,7.4,.478,2.1,4.5,.460,1.5,2.9,.505,.618,0.5,0.8,.720,0.2,1.2,1.4,0.6,0.2,0.0,0.6,1.1,9.7
144,Trent Forrest,PG,22,UTA,6,0,3.2,0.0,0.5,.000,0.0,0.3,.000,0.0,0.2,.000,.000,0.3,0.3,1.000,0.0,0.3,0.3,0.7,0.3,0.0,0.2,0.3,0.3
145,Evan Fournier,SF,28,ORL,19,19,29.0,5.9,13.1,.450,2.4,6.6,.368,3.5,6.5,.532,.542,4.1,5.1,.794,0.3,2.5,2.8,3.8,1.1,0.3,2.3,1.9,18.3
146,De'Aaron Fox,PG,23,SAC,32,32,33.8,8.2,17.6,.467,1.9,5.4,.345,6.3,12.2,.522,.520,4.5,6.6,.684,0.6,2.6,3.3,7.2,1.2,0.5,3.3,2.8,22.8
147,Tim Frazier,PG,30,MEM,3,0,11.0,0.7,2.7,.250,0.0,0.7,.000,0.7,2.0,.333,.250,0.0,0.0,,0.0,1.3,1.3,2.3,0.3,0.0,1.0,1.3,1.3
148,Markelle Fultz,PG,22,ORL,8,8,26.9,5.1,13.0,.394,0.5,2.0,.250,4.6,11.0,.420,.413,2.1,2.4,.895,0.6,2.5,3.1,5.4,1.0,0.3,2.3,2.3,12.9
149,Wenyen Gabriel,PF,23,NOP,4,0,3.0,0.0,0.8,.000,0.0,0.3,.000,0.0,0.5,.000,.000,0.0,0.0,,0.3,1.0,1.3,0.3,0.0,0.0,0.0,0.0,0.0
150,Daniel Gafford,PF,22,CHI,25,11,13.5,2.0,3.0,.662,0.0,0.0,,2.0,3.0,.662,.662,1.0,1.5,.676,1.3,1.8,3.1,0.6,0.4,1.2,0.8,1.9,4.9
151,Danilo Gallinari,PF,32,ATL,21,1,21.0,3.3,8.2,.401,1.9,4.7,.408,1.4,3.5,.392,.517,3.1,3.3,.929,0.2,2.9,3.0,1.4,0.4,0.1,1.2,1.9,11.6
152,Langston Galloway,SG,29,PHO,25,0,10.5,1.5,3.3,.463,0.8,1.8,.457,0.7,1.4,.472,.591,0.6,0.6,1.000,0.2,0.9,1.0,0.6,0.2,0.0,0.3,0.6,4.5
153,Darius Garland,PG,21,CLE,25,22,33.2,6.4,14.4,.440,1.7,4.5,.381,4.6,9.9,.468,.500,1.4,1.6,.854,0.5,1.8,2.3,5.7,1.1,0.1,2.8,2.3,15.8
154,Marc Gasol,C,36,LAL,34,34,20.2,1.5,3.8,.392,0.9,2.4,.354,0.6,1.4,.458,.504,0.8,1.0,.800,0.7,3.4,4.1,2.0,0.5,1.3,0.9,2.4,4.7
155,Rudy Gay,PF,34,SAS,26,0,22.0,4.2,9.9,.419,1.6,4.3,.366,2.6,5.6,.459,.498,1.3,1.7,.767,0.9,4.3,5.2,1.5,0.7,0.5,1.2,1.8,11.2
156,Paul George,SF,30,LAC,25,25,33.1,8.2,16.2,.510,3.5,7.4,.473,4.7,8.7,.541,.619,3.7,4.2,.885,0.8,5.3,6.1,5.4,1.2,0.5,3.4,2.2,23.7
157,Taj Gibson,PF,35,NYK,11,0,16.0,1.5,2.6,.586,0.2,0.6,.286,1.4,2.0,.682,.621,0.6,1.1,.583,1.6,2.9,4.5,0.5,0.5,0.4,0.5,2.0,3.9
158,Harry Giles,C,22,POR,22,0,11.8,1.2,2.8,.419,0.1,0.4,.375,1.0,2.5,.426,.444,0.6,0.8,.722,1.1,3.8,4.9,0.9,0.2,0.4,0.7,2.0,3.1
159,Shai Gilgeous-Alexander,SG,22,OKC,27,27,34.1,8.1,15.7,.515,2.1,5.0,.425,6.0,10.7,.557,.583,5.3,6.7,.790,0.6,4.6,5.3,6.3,0.8,0.6,2.9,2.1,23.6
160,Anthony Gill,PF,28,WAS,10,1,6.5,0.3,1.0,.300,0.1,0.7,.143,0.2,0.3,.667,.350,0.3,0.4,.750,0.3,1.6,1.9,0.3,0.3,0.2,0.3,0.3,1.0
161,Rudy Gobert,C,28,UTA,33,33,30.4,5.4,8.4,.639,0.0,0.0,.000,5.4,8.4,.641,.639,3.3,5.5,.608,3.4,9.9,13.3,1.2,0.4,2.7,1.8,2.2,14.1
162,Brandon Goodwin,PG,25,ATL,24,0,12.0,1.5,4.4,.330,0.6,2.2,.283,0.8,2.2,.377,.401,0.7,1.0,.708,0.1,1.0,1.1,1.8,0.4,0.0,0.5,1.0,4.3
163,Aaron Gordon,PF,25,ORL,19,19,29.1,4.8,11.2,.427,1.6,4.4,.369,3.2,6.8,.465,.500,2.6,4.2,.613,1.7,5.5,7.2,4.2,0.7,0.8,2.8,2.0,13.8
164,Eric Gordon,SG,32,HOU,25,11,29.6,6.1,13.6,.447,2.6,7.8,.337,3.4,5.8,.597,.544,3.6,4.3,.832,0.3,1.9,2.2,2.7,0.6,0.5,1.9,1.5,18.4
165,Devonte' Graham,PG,25,CHO,25,25,32.8,4.4,12.4,.352,2.8,8.1,.347,1.6,4.3,.361,.465,2.2,2.8,.775,0.6,2.4,3.0,5.7,1.0,0.0,1.4,1.5,13.7
166,Jerami Grant,SF,26,DET,32,32,36.3,7.7,17.7,.436,2.5,6.7,.369,5.3,11.0,.476,.505,5.6,6.3,.891,0.8,4.5,5.3,3.0,0.8,1.1,1.8,2.8,23.5
167,Danny Green,SF,33,PHI,33,33,28.5,3.1,7.6,.402,2.3,5.9,.385,0.8,1.7,.464,.552,0.4,0.6,.650,0.9,2.7,3.6,1.8,1.2,0.7,1.3,1.8,8.8
168,Draymond Green,PF,30,GSW,29,29,30.0,2.2,5.7,.384,0.4,2.0,.228,1.7,3.7,.467,.424,0.9,1.3,.711,0.7,5.4,6.1,8.7,1.4,0.7,2.7,3.2,5.7
169,JaMychal Green,PF,30,DEN,25,4,20.5,3.2,7.2,.444,1.6,3.8,.427,1.6,3.4,.464,.558,1.1,1.3,.844,1.6,4.4,6.0,1.0,0.6,0.3,1.0,2.7,9.1
170,Javonte Green,SG,27,BOS,21,1,14.1,1.7,3.1,.530,0.3,1.0,.333,1.3,2.1,.622,.583,1.0,1.4,.690,0.9,1.4,2.3,0.4,0.9,0.1,0.6,1.2,4.6
171,Jeff Green,C,34,BRK,32,15,26.5,3.4,6.8,.500,1.5,3.6,.422,1.8,3.1,.590,.613,1.2,1.4,.822,0.5,3.2,3.6,1.4,0.7,0.3,0.8,1.9,9.4
172,Josh Green,SG,20,DAL,17,5,12.5,1.0,2.1,.472,0.1,0.7,.167,0.9,1.4,.625,.500,0.4,0.6,.545,0.7,1.6,2.3,0.6,0.2,0.1,0.6,0.9,2.5
173,Blake Griffin,PF,31,DET,20,20,31.3,4.1,11.1,.365,2.0,6.2,.315,2.1,4.9,.429,.453,2.2,3.1,.710,0.4,4.9,5.2,3.9,0.7,0.1,1.6,2.1,12.3
174,Kyle Guy,PG,23,SAC,14,0,8.2,1.0,3.1,.318,0.4,1.7,.250,0.6,1.4,.400,.386,0.5,0.6,.875,0.2,0.8,1.0,1.1,0.3,0.0,0.2,0.6,2.9
175,Rui Hachimura,PF,22,WAS,23,23,30.6,4.9,10.4,.471,0.8,2.6,.317,4.1,7.8,.522,.510,3.0,3.8,.782,1.1,4.5,5.7,1.8,0.7,0.1,1.0,2.2,13.6
176,Ashton Hagans,PG,21,MIN,2,0,2.0,0.0,0.0,,0.0,0.0,,0.0,0.0,,,0.0,0.0,,0.0,0.0,0.0,0.0,0.0,0.0,0.5,0.0,0.0
177,Tyrese Haliburton,PG,20,SAC,30,2,30.1,5.1,10.3,.494,2.4,5.5,.433,2.7,4.9,.562,.608,0.7,0.8,.833,1.0,2.6,3.6,5.4,1.4,0.6,1.5,1.2,13.2
178,Josh Hall,SF,20,OKC,7,0,7.3,0.6,2.6,.222,0.1,1.1,.125,0.4,1.4,.300,.250,0.4,1.0,.429,0.1,1.1,1.3,1.0,0.0,0.0,0.6,1.0,1.7
179,R.J. Hampton,PG,19,DEN,23,0,9.2,1.0,2.3,.415,0.2,0.8,.278,0.7,1.5,.486,.462,0.2,0.3,.625,0.4,1.5,1.9,0.5,0.2,0.1,0.5,0.9,2.3
180,Tim Hardaway Jr.,SG,28,DAL,30,17,30.0,5.9,13.3,.446,3.1,7.8,.393,2.9,5.5,.521,.561,1.9,2.4,.792,0.3,2.8,3.1,1.6,0.6,0.2,0.9,1.6,16.8
181,James Harden,PG-SG,31,TOT,28,28,37.7,7.8,16.4,.478,3.2,8.1,.398,4.6,8.3,.556,.576,6.0,6.9,.866,0.8,6.8,7.5,11.1,1.1,0.7,4.2,2.3,24.9
182,Maurice Harkless,SF,27,MIA,10,3,10.9,0.4,1.0,.400,0.4,0.8,.500,0.0,0.2,.000,.600,0.0,0.2,.000,0.1,0.8,0.9,0.7,0.2,0.3,0.2,1.2,1.2
183,Jared Harper,PG,23,NYK,2,0,2.5,0.0,0.5,.000,0.0,0.0,,0.0,0.5,.000,.000,1.0,1.0,1.000,0.0,0.0,0.0,0.0,0.0,0.0,1.0,0.0,1.0
184,Montrezl Harrell,C,27,LAL,34,0,24.4,5.6,8.9,.635,0.0,0.1,.000,5.6,8.7,.645,.635,2.7,3.6,.752,2.3,4.2,6.5,1.1,0.6,0.7,1.1,2.1,13.9
185,Gary Harris,SG,26,DEN,19,19,30.6,3.6,8.2,.442,1.3,3.9,.320,2.4,4.3,.556,.519,1.2,1.6,.733,0.7,1.8,2.5,1.7,0.9,0.2,0.7,1.9,9.7
186,Jalen Harris,SG,22,TOR,2,0,2.0,0.0,0.0,,0.0,0.0,,0.0,0.0,,,0.0,0.0,,0.5,0.0,0.5,0.0,0.0,0.0,0.5,1.0,0.0
187,Joe Harris,SF,29,BRK,34,30,30.9,5.5,10.4,.534,3.4,6.7,.509,2.1,3.6,.581,.699,0.6,0.9,.690,0.5,3.0,3.5,1.8,0.5,0.2,0.8,2.3,15.1
188,Tobias Harris,PF,28,PHI,30,30,34.3,7.7,15.1,.513,1.7,4.1,.411,6.0,10.9,.552,.570,3.0,3.4,.891,1.2,6.3,7.5,3.4,0.8,0.8,1.9,2.1,20.2
189,Shaquille Harrison,SG,27,UTA,17,0,3.3,0.4,1.2,.300,0.0,0.1,.000,0.4,1.1,.333,.300,0.3,0.4,.833,0.2,0.4,0.5,0.5,0.1,0.0,0.3,0.2,1.0
190,Josh Hart,SF,25,NOP,32,2,28.2,3.2,7.0,.455,1.4,4.1,.354,1.8,2.9,.596,.558,1.3,1.8,.714,1.0,6.4,7.3,2.1,0.8,0.3,0.8,2.2,9.1
191,Isaiah Hartenstein,C,22,DEN,22,0,9.0,1.5,3.0,.515,0.0,0.0,,1.5,3.0,.515,.515,0.9,1.5,.594,1.5,1.4,2.9,0.5,0.5,0.6,0.8,2.0,4.0
192,Jaxson Hayes,C,20,NOP,23,1,12.1,1.7,2.5,.655,0.0,0.0,,1.7,2.5,.655,.655,0.8,1.2,.679,1.2,2.3,3.5,0.4,0.3,0.3,0.7,1.9,4.1
193,Killian Hayes,PG,19,DET,7,7,21.1,1.9,6.7,.277,0.7,2.9,.250,1.1,3.9,.296,.330,0.1,0.3,.500,0.1,1.0,1.1,3.6,0.3,0.0,2.4,2.1,4.6
194,Gordon Hayward,SF,30,CHO,30,30,34.9,7.8,16.2,.485,2.1,5.1,.421,5.7,11.1,.514,.551,3.7,4.3,.860,0.9,4.5,5.4,3.7,1.2,0.4,2.0,1.8,21.5
195,Juan Hernangómez,PF,25,MIN,15,6,17.4,2.2,5.5,.398,1.1,3.4,.314,1.1,2.1,.531,.494,0.7,1.0,.667,0.9,3.7,4.6,0.6,0.3,0.1,0.4,0.9,6.1
196,Willy Hernangómez,C,26,NOP,17,2,17.9,2.9,5.5,.527,0.1,0.3,.200,2.8,5.2,.545,.532,1.2,1.9,.625,2.7,4.4,7.1,1.1,0.4,0.5,0.6,1.2,7.0
197,Tyler Herro,SG,21,MIA,22,14,33.3,6.5,14.4,.451,2.0,6.0,.344,4.5,8.5,.527,.522,1.8,2.4,.755,0.4,5.7,6.1,3.8,0.5,0.5,2.5,1.6,16.9
198,Buddy Hield,SG,28,SAC,33,33,34.4,5.1,13.9,.369,3.6,10.1,.361,1.5,3.8,.389,.500,1.6,1.8,.852,0.3,4.2,4.5,3.0,0.8,0.3,1.8,2.6,15.5
199,George Hill,PG,34,OKC,14,14,26.4,4.4,8.6,.508,1.6,4.1,.386,2.8,4.5,.619,.600,1.5,1.8,.840,0.6,1.5,2.1,3.1,0.9,0.1,0.9,0.9,11.8
200,Solomon Hill,PF,29,ATL,33,1,18.9,1.5,4.2,.362,1.0,3.1,.324,0.5,1.1,.472,.482,0.5,0.5,.882,0.5,1.9,2.4,0.9,0.7,0.2,0.5,1.6,4.5
201,Nate Hinton,SG,21,DAL,6,0,3.2,0.5,2.2,.231,0.2,0.8,.200,0.3,1.3,.250,.269,0.2,0.3,.500,0.0,0.0,0.0,0.0,0.2,0.2,0.3,0.2,1.3
202,Aaron Holiday,PG,24,IND,31,6,19.7,2.9,7.6,.377,1.1,3.3,.343,1.7,4.3,.403,.451,0.7,1.0,.742,0.2,1.1,1.3,1.7,0.5,0.1,0.8,1.8,7.6
203,Jrue Holiday,PG,30,MIL,23,23,32.5,6.5,13.0,.502,1.9,4.8,.387,4.7,8.2,.569,.574,1.5,1.9,.791,1.3,3.5,4.8,5.4,1.9,0.6,1.6,1.7,16.4
204,Justin Holiday,SG,31,IND,31,22,32.4,4.0,8.5,.466,2.5,5.9,.421,1.5,2.6,.568,.612,1.2,1.5,.800,0.7,3.5,4.2,1.7,1.2,0.4,0.7,2.3,11.6
205,Richaun Holmes,C,27,SAC,29,29,29.2,5.5,8.4,.658,0.0,0.2,.200,5.5,8.2,.668,.660,1.9,2.4,.797,2.6,5.6,8.2,1.7,0.7,1.5,1.4,4.0,13.0
206,Rodney Hood,SF,28,POR,27,5,18.8,2.0,5.6,.364,0.6,2.1,.293,1.4,3.4,.409,.421,0.2,0.3,.625,0.2,1.4,1.6,1.1,0.6,0.1,0.8,1.4,4.9
207,Al Horford,C,34,OKC,22,22,28.3,5.9,13.1,.450,2.1,5.6,.379,3.8,7.5,.503,.531,0.6,0.8,.778,0.9,6.0,6.9,3.7,0.9,0.8,1.1,1.7,14.6
208,Talen Horton-Tucker,SG,20,LAL,30,1,17.4,2.7,6.1,.437,0.5,1.8,.291,2.1,4.3,.500,.481,0.9,1.1,.813,0.3,2.2,2.5,2.0,0.7,0.6,1.3,2.0,6.7
209,Danuel House,SF,27,HOU,20,10,28.4,3.3,8.5,.388,1.7,5.1,.327,1.7,3.5,.478,.485,1.3,1.7,.765,0.7,3.3,4.0,2.1,0.8,0.6,1.0,2.0,9.6
210,Dwight Howard,C,35,PHI,33,4,16.2,2.2,3.8,.575,0.1,0.3,.300,2.1,3.5,.598,.587,1.5,2.8,.533,2.6,4.9,7.6,0.7,0.4,0.9,1.7,3.0,6.0
211,Markus Howard,SG,21,DEN,16,0,3.2,0.4,1.9,.200,0.2,1.3,.143,0.2,0.6,.333,.250,0.0,0.0,,0.0,0.3,0.3,0.4,0.1,0.0,0.3,0.4,0.9
212,Kevin Huerter,SG,22,ATL,33,22,31.8,4.5,10.6,.426,2.2,5.8,.379,2.3,4.8,.481,.529,0.7,0.8,.821,0.7,2.9,3.6,3.7,1.2,0.2,1.2,2.4,11.9
213,Elijah Hughes,SF,22,UTA,6,0,4.5,0.8,2.5,.333,0.5,1.7,.300,0.3,0.8,.400,.433,0.5,0.7,.750,0.0,0.7,0.7,0.5,0.2,0.2,0.7,0.0,2.7
214,De'Andre Hunter,SF,23,ATL,18,18,32.2,6.0,11.7,.514,1.7,4.6,.366,4.3,7.1,.609,.586,3.6,4.1,.877,0.9,4.5,5.4,2.2,0.9,0.5,1.4,2.6,17.2
215,Chandler Hutchison,SF,24,CHI,7,0,9.1,0.7,2.6,.278,0.1,0.4,.333,0.6,2.1,.267,.306,0.3,0.3,1.000,0.1,2.7,2.9,0.6,0.1,0.0,0.7,1.3,1.9
216,Serge Ibaka,C,31,LAC,34,34,23.9,4.7,9.1,.518,1.0,2.7,.355,3.7,6.4,.588,.571,1.1,1.3,.818,1.7,4.9,6.7,1.8,0.2,1.2,1.2,1.8,11.4
217,Andre Iguodala,SF,37,MIA,31,2,21.6,1.7,4.3,.394,1.2,3.3,.350,0.5,0.9,.552,.530,0.2,0.4,.538,0.5,3.2,3.7,2.3,1.0,0.5,1.1,1.5,4.7
218,Joe Ingles,SF,33,UTA,29,8,26.5,4.0,7.7,.518,2.5,5.3,.465,1.5,2.3,.642,.680,1.2,1.3,.895,0.4,2.9,3.3,4.5,0.4,0.2,1.6,1.7,11.6
219,Brandon Ingram,SF,23,NOP,32,32,35.1,8.4,18.0,.469,2.5,6.5,.383,5.9,11.5,.518,.538,4.6,5.3,.876,0.6,4.7,5.3,4.7,0.7,0.8,2.3,1.8,24.0
220,Kyrie Irving,PG,28,BRK,24,24,35.3,10.5,20.1,.521,2.8,6.9,.398,7.7,13.2,.585,.589,3.7,4.1,.899,1.2,3.5,4.7,5.9,1.2,0.6,2.4,2.9,27.4
221,Wesley Iwundu,SF,26,DAL,18,3,13.3,0.8,2.6,.298,0.2,1.3,.130,0.6,1.3,.458,.330,0.5,0.6,.818,0.3,1.6,1.9,0.4,0.4,0.1,0.3,1.1,2.2
222,Frank Jackson,PG,22,DET,9,0,6.0,0.7,2.4,.273,0.4,1.4,.308,0.2,1.0,.222,.364,0.0,0.0,,0.0,0.9,0.9,1.1,0.1,0.0,0.4,0.6,1.8
223,Josh Jackson,SG,23,DET,31,6,24.9,4.9,11.5,.430,1.3,4.5,.293,3.6,7.0,.519,.487,2.4,3.5,.679,1.1,3.4,4.5,1.9,0.9,0.9,2.2,3.0,13.6
224,Justin Jackson,SF,25,OKC,22,2,16.9,2.7,6.2,.434,1.0,3.2,.329,1.6,3.0,.545,.518,0.7,0.9,.800,0.4,1.9,2.3,1.7,0.4,0.0,1.0,1.1,7.1
225,Reggie Jackson,SG,30,LAC,32,14,20.0,3.1,7.1,.438,1.2,3.2,.379,1.9,3.8,.488,.524,1.0,1.3,.756,0.4,2.2,2.6,3.0,0.6,0.1,1.0,1.9,8.4
226,Justin James,SF,24,SAC,13,0,5.3,0.7,1.8,.391,0.2,0.7,.222,0.5,1.1,.500,.435,0.2,0.6,.250,0.2,0.5,0.7,0.4,0.2,0.1,0.2,0.2,1.7
227,LeBron James,PG,36,LAL,34,34,34.8,9.6,19.1,.502,2.4,6.7,.352,7.3,12.5,.583,.564,4.1,5.9,.698,0.6,7.6,8.2,7.9,1.1,0.6,3.8,1.6,25.7
228,DaQuan Jeffries,SG,23,SAC,9,2,18.1,2.3,5.3,.438,0.9,2.4,.364,1.4,2.9,.500,.521,0.7,0.8,.857,0.6,1.4,2.0,0.4,0.6,0.4,0.6,1.7,6.2
229,Ty Jerome,SG,23,OKC,1,0,22.0,4.0,7.0,.571,1.0,3.0,.333,3.0,4.0,.750,.643,0.0,0.0,,1.0,4.0,5.0,7.0,2.0,0.0,1.0,2.0,9.0
230,Isaiah Joe,SG,21,PHI,20,1,12.0,1.5,4.0,.367,1.2,3.0,.383,0.3,1.0,.316,.513,0.3,0.3,1.000,0.3,0.9,1.2,0.8,0.4,0.2,0.3,1.1,4.3
231,Cameron Johnson,PF,24,PHO,32,9,24.5,3.8,8.5,.441,2.2,5.8,.375,1.6,2.8,.580,.568,1.0,1.1,.861,0.6,2.9,3.5,1.4,0.7,0.3,0.8,1.4,10.6
232,James Johnson,PF,33,DAL,25,1,18.7,2.6,5.4,.478,0.6,2.2,.268,2.0,3.2,.625,.533,0.5,1.0,.542,0.5,2.7,3.2,1.7,0.9,0.8,1.0,2.2,6.3
233,Keldon Johnson,SF,21,SAS,27,27,30.1,5.3,11.4,.468,1.0,3.0,.325,4.4,8.4,.518,.510,2.9,3.7,.778,1.7,5.2,7.0,2.3,0.8,0.5,1.5,2.3,14.5
234,Stanley Johnson,PF,24,TOR,30,1,12.9,0.9,2.2,.394,0.5,1.4,.390,0.3,0.8,.400,.515,0.4,0.5,.786,0.5,1.7,2.2,1.3,0.7,0.3,0.7,1.5,2.6
235,Tyler Johnson,SG,28,BRK,16,1,13.1,1.6,4.0,.406,1.2,2.8,.422,0.4,1.2,.368,.555,0.3,0.3,1.000,0.1,1.3,1.4,0.9,0.4,0.0,0.3,0.6,4.7
236,Nikola Jokić,C,25,DEN,32,32,36.0,10.3,18.4,.560,1.6,3.9,.419,8.7,14.5,.598,.604,4.7,5.3,.877,2.9,8.1,10.9,8.4,1.7,0.7,3.3,3.0,26.9
237,Damian Jones,C,25,PHO,14,0,6.7,0.6,1.1,.500,0.0,0.1,.000,0.6,1.1,.533,.500,0.4,0.8,.545,0.5,0.8,1.3,0.3,0.1,0.4,0.4,1.4,1.6
238,Derrick Jones Jr.,SF,23,POR,28,27,27.4,3.1,6.1,.509,0.8,2.5,.310,2.3,3.6,.650,.573,1.3,2.0,.614,1.9,3.0,4.9,0.8,0.8,1.1,0.8,2.5,8.3
239,Mason Jones,SG,22,HOU,19,1,11.1,1.8,3.9,.453,0.9,2.2,.415,0.9,1.8,.500,.567,0.9,1.7,.563,0.2,1.8,2.0,1.3,0.3,0.0,1.2,1.1,5.4
240,Tre Jones,PG,21,SAS,10,0,3.9,0.8,1.4,.571,0.1,0.1,1.000,0.7,1.3,.538,.607,0.5,0.5,1.000,0.4,0.0,0.4,0.2,0.0,0.0,0.3,0.3,2.2
241,Tyus Jones,PG,24,MEM,29,8,22.3,3.5,8.0,.437,0.7,2.7,.269,2.8,5.3,.523,.483,0.6,0.7,.850,0.5,1.9,2.4,4.9,1.2,0.1,0.9,0.5,8.3
242,DeAndre Jordan,C,32,BRK,32,24,22.5,3.3,4.3,.779,0.0,0.0,.000,3.3,4.2,.785,.779,0.8,1.7,.500,1.8,5.6,7.3,1.8,0.3,1.5,1.7,2.2,7.5
243,Cory Joseph,PG,29,SAC,33,2,20.3,2.4,5.5,.440,0.6,2.0,.308,1.8,3.5,.513,.495,0.8,1.1,.771,0.5,1.7,2.2,2.3,0.7,0.2,1.0,2.4,6.3
244,Mfiondu Kabengele,PF,23,LAC,20,0,4.1,0.4,1.3,.269,0.2,0.8,.200,0.2,0.6,.364,.327,0.2,0.2,.750,0.1,0.5,0.6,0.3,0.1,0.2,0.3,0.7,1.0
245,Frank Kaminsky,C,27,PHO,25,10,15.5,2.8,6.1,.461,1.0,2.4,.424,1.8,3.7,.484,.543,0.6,1.1,.556,0.8,3.2,3.9,1.8,0.3,0.4,0.5,1.5,7.2
246,Enes Kanter,C,28,POR,32,20,26.2,4.9,8.5,.579,0.0,0.0,,4.9,8.5,.579,.579,1.8,2.5,.747,4.2,7.4,11.5,1.2,0.5,0.7,1.1,2.7,11.7
247,Luke Kennard,SG,24,LAC,32,7,20.6,2.8,6.1,.459,1.5,3.4,.440,1.3,2.7,.482,.582,0.4,0.5,.867,0.3,2.4,2.7,1.7,0.3,0.2,0.9,1.6,7.5
248,Maxi Kleber,PF,29,DAL,19,13,25.4,2.1,4.8,.424,1.6,3.6,.449,0.4,1.2,.348,.592,1.0,1.1,.950,0.8,4.4,5.3,1.4,0.3,0.8,0.5,2.3,6.7
249,Nathan Knight,PF,23,ATL,10,0,5.8,0.9,2.3,.391,0.3,0.9,.333,0.6,1.4,.429,.457,0.7,0.8,.875,0.8,0.7,1.5,0.1,0.2,0.3,0.5,0.7,2.8
250,Kevin Knox,SF,21,NYK,24,0,15.7,1.9,4.8,.395,1.1,2.8,.388,0.8,2.0,.404,.509,0.4,0.5,.833,0.4,1.6,2.0,0.7,0.3,0.3,0.7,1.4,5.3
251,John Konchar,SG,24,MEM,18,0,16.4,1.5,3.5,.429,0.4,1.3,.304,1.1,2.2,.500,.484,0.9,1.0,.889,0.9,2.6,3.6,1.1,1.0,0.3,0.4,1.4,4.3
252,Furkan Korkmaz,SG,23,PHI,22,2,18.7,2.6,7.0,.379,1.4,4.3,.330,1.2,2.7,.458,.480,0.9,1.0,.864,0.2,2.3,2.5,0.8,0.6,0.1,0.9,1.2,7.5
253,Luke Kornet,PF,25,CHI,9,0,8.0,0.8,2.4,.318,0.4,2.0,.222,0.3,0.4,.750,.409,0.2,0.2,1.000,0.1,1.6,1.7,0.3,0.2,0.7,0.1,0.1,2.2
254,Rodions Kurucs,SF-PF,22,TOT,15,0,5.5,0.4,1.5,.273,0.2,1.1,.188,0.2,0.4,.500,.341,0.1,0.1,.500,0.1,0.7,0.9,0.3,0.3,0.2,0.5,0.5,1.1
255,Kyle Kuzma,SF,25,LAL,34,10,25.8,4.4,9.9,.438,1.7,4.8,.360,2.6,5.1,.511,.525,0.6,1.0,.636,2.0,4.4,6.4,1.1,0.4,0.7,1.4,1.6,11.1
256,Jeremy Lamb,SG,28,IND,18,8,24.4,3.9,7.8,.496,1.8,3.7,.478,2.1,4.1,.514,.610,2.4,2.6,.935,0.8,3.2,4.0,1.6,0.8,0.6,0.9,2.1,11.9
257,Zach LaVine,SG,25,CHI,32,32,35.7,10.3,19.6,.524,3.6,8.1,.442,6.7,11.5,.582,.615,4.5,5.3,.857,0.7,4.5,5.2,5.0,1.1,0.4,3.9,2.7,28.7
258,Jake Layman,SF,26,MIN,22,3,14.3,2.2,4.5,.490,0.6,1.9,.317,1.6,2.7,.610,.555,0.8,1.0,.783,0.2,1.2,1.5,0.5,0.8,0.5,0.6,1.2,5.9
259,Jalen Lecque,PG,20,IND,3,0,3.0,0.3,1.3,.250,0.0,0.3,.000,0.3,1.0,.333,.250,1.0,1.0,1.000,0.3,1.0,1.3,0.7,0.0,0.0,0.0,0.0,1.7
260,Damion Lee,SG,28,GSW,34,0,19.1,2.1,4.6,.456,1.4,3.6,.398,0.7,1.0,.657,.611,0.8,0.9,.931,0.4,3.0,3.4,1.4,0.7,0.1,0.5,1.6,6.5
261,Saben Lee,PG,21,DET,12,0,14.5,2.2,4.1,.531,0.3,0.5,.667,1.8,3.6,.512,.571,1.3,2.2,.615,0.3,1.0,1.3,1.8,0.9,0.3,0.9,1.7,6.0
262,Alex Len,C,27,TOT,23,6,13.3,2.0,3.3,.618,0.3,0.9,.300,1.8,2.4,.732,.658,0.9,1.5,.588,0.7,2.4,3.0,0.9,0.3,1.1,1.0,1.7,5.2
263,Kawhi Leonard,SF,29,LAC,28,28,34.6,9.6,18.8,.512,2.0,5.1,.392,7.6,13.7,.557,.565,5.6,6.4,.876,0.9,5.4,6.2,5.0,1.5,0.6,1.9,1.5,26.9
264,Meyers Leonard,C,28,MIA,3,2,9.7,1.0,2.3,.429,1.0,2.3,.429,0.0,0.0,,.643,0.3,0.7,.500,0.0,2.3,2.3,0.7,0.0,0.0,0.7,1.7,3.3
265,Caris LeVert,SG,26,BRK,12,4,27.8,7.3,16.7,.435,1.8,5.3,.349,5.4,11.4,.474,.490,2.2,2.8,.765,0.8,3.5,4.3,6.0,1.1,0.5,2.2,1.7,18.5
266,Kira Lewis Jr.,PG,19,NOP,20,0,12.8,1.9,5.0,.374,0.6,1.8,.343,1.3,3.2,.391,.434,0.7,1.0,.650,0.1,0.7,0.8,1.9,0.6,0.1,0.5,1.1,5.0
267,Damian Lillard,PG,30,POR,31,31,35.9,9.3,20.8,.447,4.2,11.0,.379,5.1,9.8,.523,.547,7.1,7.5,.936,0.5,3.9,4.4,8.0,1.0,0.3,3.3,1.6,29.8
268,Nassir Little,PF,20,POR,17,2,11.1,1.6,3.0,.529,0.8,1.6,.519,0.8,1.4,.542,.667,0.9,1.0,.882,0.8,1.5,2.2,0.2,0.2,0.3,0.5,0.9,4.9
269,Kevon Looney,C,24,GSW,24,8,15.2,1.6,2.5,.639,0.1,0.2,.400,1.5,2.3,.661,.656,0.5,0.7,.765,1.6,2.5,4.1,1.8,0.3,0.3,0.6,1.9,3.9
270,Brook Lopez,C,32,MIL,33,33,27.0,3.9,8.3,.469,1.5,4.3,.357,2.4,4.0,.591,.562,1.3,1.7,.800,1.4,3.7,5.1,0.6,0.5,1.4,0.8,2.0,10.7
271,Robin Lopez,C,32,WAS,30,9,20.2,3.2,5.6,.575,0.1,0.4,.308,3.1,5.1,.597,.587,1.6,2.4,.681,2.2,2.0,4.3,0.9,0.3,0.6,1.1,1.9,8.2
272,Kevin Love,PF,32,CLE,2,2,23.0,3.0,9.0,.333,1.5,4.5,.333,1.5,4.5,.333,.417,2.0,2.5,.800,1.0,5.0,6.0,2.5,0.5,0.0,1.5,0.5,9.5
273,Kyle Lowry,PG,34,TOR,27,27,34.3,6.1,13.0,.466,2.9,7.0,.405,3.2,6.0,.537,.575,3.0,3.5,.863,0.8,4.9,5.7,6.6,1.2,0.2,2.9,3.3,18.0
274,Timothé Luwawu-Cabarrot,SF,25,BRK,33,5,19.5,2.5,6.3,.402,1.5,4.2,.372,1.0,2.2,.458,.524,0.6,0.8,.769,0.5,1.8,2.4,1.3,0.7,0.2,0.7,1.8,7.2
275,Trey Lyles,PF,25,SAS,15,3,12.7,1.4,2.9,.488,0.3,1.2,.278,1.1,1.7,.640,.547,0.7,1.1,.588,0.5,2.7,3.2,0.5,0.1,0.1,0.1,0.4,3.8
276,Thon Maker,C,23,CLE,8,0,9.5,1.3,2.3,.556,0.0,0.3,.000,1.3,2.0,.625,.556,1.3,1.4,.909,1.0,1.3,2.3,0.5,0.3,0.5,0.4,0.9,3.8
277,Théo Maledon,PG,19,OKC,28,13,25.1,2.8,7.0,.403,1.5,4.1,.377,1.3,2.9,.439,.513,0.8,1.0,.750,0.3,2.6,2.8,3.2,1.0,0.1,1.8,2.3,7.9
278,Karim Mané,PG,20,ORL,6,0,9.3,0.2,1.5,.111,0.2,0.3,.500,0.0,1.2,.000,.167,0.7,0.7,1.000,0.0,1.7,1.7,0.2,0.0,0.2,0.5,0.5,1.2
279,Terance Mann,SG,24,LAC,32,3,15.3,1.8,3.7,.487,0.3,1.0,.355,1.5,2.8,.534,.534,0.8,1.0,.750,0.8,2.4,3.3,1.2,0.4,0.2,0.7,1.7,4.7
280,Nico Mannion,PG,19,GSW,6,0,6.0,0.5,2.2,.231,0.3,1.5,.222,0.2,0.7,.250,.308,0.2,0.7,.250,0.0,1.3,1.3,2.0,0.3,0.0,0.3,0.8,1.5
281,Boban Marjanović,C,32,DAL,17,1,8.1,2.1,4.2,.500,0.0,0.2,.000,2.1,4.0,.529,.500,0.6,0.8,.714,1.6,2.5,4.1,0.1,0.0,0.1,0.3,0.9,4.8
282,Lauri Markkanen,PF,23,CHI,14,14,30.4,6.8,13.2,.514,2.9,7.2,.396,3.9,6.0,.655,.622,2.7,3.2,.844,0.6,5.5,6.1,0.9,0.6,0.4,1.7,2.2,19.1
283,Naji Marshall,SF,23,NOP,3,0,2.7,0.0,0.7,.000,0.0,0.3,.000,0.0,0.3,.000,.000,0.3,0.7,.500,0.0,0.7,0.7,0.3,0.0,0.0,0.0,0.0,0.3
284,Caleb Martin,SF,25,CHO,23,1,15.8,2.2,5.2,.420,0.7,2.2,.300,1.5,3.0,.507,.483,0.6,1.1,.560,0.8,2.0,2.8,1.3,0.9,0.3,0.7,1.1,5.6
285,Cody Martin,SF,25,CHO,20,1,9.4,1.2,2.3,.522,0.2,0.8,.200,1.1,1.6,.677,.554,0.4,0.5,.800,0.6,1.4,2.0,0.9,0.4,0.0,0.6,0.6,3.0
286,Kelan Martin,SF,25,IND,11,0,3.9,0.5,1.6,.333,0.2,0.7,.250,0.4,0.9,.400,.389,0.0,0.0,,0.1,0.9,1.0,0.0,0.2,0.0,0.4,0.4,1.3
287,Kenyon Martin Jr.,SF,20,HOU,7,0,9.9,1.4,3.9,.370,0.1,0.6,.250,1.3,3.3,.391,.389,0.3,0.7,.400,1.1,1.6,2.7,0.6,0.3,0.7,0.7,1.3,3.3
288,Frank Mason III,PG,26,ORL,4,1,19.8,2.3,6.0,.375,0.5,1.3,.400,1.8,4.8,.368,.417,1.3,1.8,.714,0.8,2.3,3.0,3.0,0.0,0.0,1.3,1.8,6.3
289,Garrison Mathews,SG,24,WAS,24,8,16.1,1.9,4.6,.418,1.5,3.7,.409,0.4,0.9,.455,.582,1.6,1.8,.907,0.4,1.1,1.5,0.5,0.8,0.2,0.2,1.6,7.0
290,Dakota Mathias,SG,25,PHI,8,2,15.4,2.4,6.0,.396,1.0,3.3,.308,1.4,2.8,.500,.479,0.3,0.8,.333,0.1,0.8,0.9,1.6,0.1,0.4,0.1,0.9,6.0
291,Wesley Matthews,SG,34,LAL,27,4,20.5,1.6,4.1,.375,1.1,3.3,.344,0.4,0.8,.500,.513,0.4,0.6,.800,0.4,1.1,1.5,1.2,0.5,0.4,0.4,1.5,4.7
292,Tyrese Maxey,SG,20,PHI,30,6,16.4,3.6,8.0,.448,0.5,1.8,.278,3.1,6.2,.497,.479,0.7,0.8,.880,0.3,1.6,1.9,1.7,0.5,0.1,0.7,1.2,8.4
293,Skylar Mays,SG,23,ATL,15,0,8.5,1.3,3.2,.396,0.5,1.5,.364,0.7,1.7,.423,.479,1.1,1.2,.889,0.4,0.4,0.8,1.1,0.4,0.0,0.2,0.4,4.1
294,Patrick McCaw,SF,25,TOR,3,0,6.7,0.0,0.0,,0.0,0.0,,0.0,0.0,,,0.0,0.0,,0.3,0.0,0.3,1.3,0.0,0.0,0.0,1.0,0.0
295,CJ McCollum,SG,29,POR,13,13,33.8,9.5,20.0,.473,4.8,11.0,.441,4.6,9.0,.513,.594,2.9,3.5,.844,0.5,3.4,3.9,5.0,1.3,0.3,1.0,2.2,26.7
296,T.J. McConnell,PG,28,IND,28,1,24.1,2.7,5.4,.503,0.2,0.6,.353,2.5,4.8,.522,.523,0.3,0.5,.467,0.7,2.8,3.5,6.5,1.8,0.4,1.8,1.6,5.9
297,Jaden McDaniels,PF,20,MIN,27,1,19.3,2.0,5.0,.390,1.0,2.7,.365,1.0,2.3,.419,.489,0.4,0.8,.524,0.7,2.7,3.4,1.0,0.3,1.1,0.8,2.6,5.3
298,Jalen McDaniels,SF,23,CHO,14,0,13.1,1.7,3.9,.444,0.4,1.4,.263,1.4,2.5,.543,.491,0.9,1.4,.684,0.4,2.4,2.8,0.6,0.1,0.1,0.9,1.9,4.7
299,Doug McDermott,PF,29,IND,30,10,26.2,5.0,10.1,.500,1.6,4.5,.351,3.5,5.6,.619,.578,1.3,1.6,.792,1.0,3.0,4.0,1.4,0.3,0.1,1.0,1.7,12.9
300,Sean McDermott,SF,24,MEM,8,0,15.8,1.3,2.9,.435,0.6,1.9,.333,0.6,1.0,.625,.543,0.8,0.8,1.000,0.5,1.0,1.5,0.5,0.1,0.3,0.5,0.8,3.9
301,JaVale McGee,C,33,CLE,24,1,15.0,3.0,6.5,.471,0.2,0.7,.313,2.8,5.8,.489,.487,1.1,1.8,.591,1.6,3.6,5.2,1.0,0.5,1.1,1.3,2.4,7.4
302,Rodney McGruder,SG,29,DET,9,0,7.4,1.0,2.1,.474,0.3,0.8,.429,0.7,1.3,.500,.553,0.3,0.3,1.000,0.3,0.7,1.0,0.7,0.0,0.1,0.6,0.6,2.7
303,Alfonzo McKinnie,SF,28,LAL,16,0,3.5,0.8,1.3,.600,0.3,0.4,.571,0.5,0.8,.615,.700,0.1,0.3,.500,0.4,0.8,1.1,0.1,0.1,0.0,0.1,0.3,1.9
304,Jordan McLaughlin,PG,24,MIN,21,0,19.0,2.3,5.9,.390,0.7,1.8,.378,1.6,4.1,.395,.447,0.4,0.5,.800,0.5,1.8,2.3,4.9,0.9,0.1,1.1,0.9,5.6
305,Ben McLemore,SG,27,HOU,21,2,15.0,2.0,5.7,.358,1.3,4.2,.318,0.7,1.5,.469,.475,0.6,0.9,.722,0.3,1.8,2.1,1.0,0.6,0.0,1.0,1.2,6.0
306,Nicolò Melli,PF,30,NOP,15,0,10.5,0.6,2.3,.257,0.5,1.9,.241,0.1,0.4,.333,.357,0.3,0.3,.800,0.1,1.9,2.0,0.8,0.5,0.1,0.4,1.3,1.9
307,De'Anthony Melton,PG,22,MEM,17,1,20.3,3.7,8.2,.453,1.4,3.7,.381,2.3,4.5,.513,.540,0.6,0.9,.688,0.5,2.6,3.1,2.8,0.9,0.8,1.3,1.7,9.5
308,Sam Merrill,SG,24,MIL,12,0,6.0,0.5,1.3,.375,0.4,0.8,.500,0.1,0.5,.167,.531,0.2,0.2,1.000,0.3,0.8,1.1,0.9,0.2,0.0,0.3,0.5,1.6
309,Chimezie Metu,C,23,SAC,11,0,6.5,1.4,2.7,.500,0.1,0.3,.333,1.3,2.5,.519,.517,0.5,0.8,.667,1.0,1.1,2.1,0.5,0.3,0.5,0.5,0.9,3.4
310,Khris Middleton,SF,29,MIL,33,33,33.4,7.7,15.3,.502,2.3,5.4,.435,5.4,10.0,.538,.578,2.9,3.2,.896,0.8,5.3,6.1,5.7,1.1,0.2,2.6,2.6,20.6
311,Darius Miller,SF,30,OKC,12,0,9.3,0.9,2.0,.458,0.8,1.8,.429,0.2,0.3,.667,.646,0.3,0.3,1.000,0.1,1.2,1.3,0.8,0.4,0.3,0.4,0.8,2.8
312,Patty Mills,PG,32,SAS,28,0,25.5,4.8,10.5,.451,2.6,6.5,.399,2.1,4.0,.536,.575,1.2,1.3,.943,0.3,1.6,1.8,2.7,0.7,0.0,1.0,1.4,13.3
313,Paul Millsap,PF,35,DEN,26,26,23.9,3.8,7.3,.524,1.2,3.0,.410,2.6,4.3,.604,.608,1.6,2.3,.695,1.6,3.6,5.2,1.7,0.8,0.5,1.0,2.1,10.4
314,Shake Milton,SG,24,PHI,25,1,24.5,4.8,10.9,.436,1.1,3.5,.318,3.6,7.4,.492,.487,2.9,3.3,.878,0.6,1.4,2.0,3.0,0.6,0.2,1.5,2.1,13.5
315,Donovan Mitchell,SG,24,UTA,31,31,33.6,8.4,19.7,.425,3.3,8.6,.381,5.1,11.0,.459,.508,4.3,5.2,.827,1.1,3.5,4.6,5.3,1.0,0.3,3.0,2.3,24.3
316,Adam Mokoka,SG,22,CHI,7,0,6.0,0.7,2.0,.357,0.1,1.1,.125,0.6,0.9,.667,.393,0.0,0.0,,0.1,0.4,0.6,0.6,0.3,0.1,0.3,0.7,1.6
317,Malik Monk,SG,22,CHO,19,0,21.8,4.4,9.5,.461,2.5,5.4,.471,1.8,4.1,.449,.594,1.3,1.7,.781,0.4,2.5,2.8,1.7,0.3,0.1,1.3,1.1,12.6
318,E'Twaun Moore,SG,31,PHO,19,1,16.0,2.1,4.7,.444,0.3,1.3,.240,1.8,3.4,.523,.478,0.4,0.5,.800,0.5,1.3,1.8,1.6,0.6,0.2,0.8,1.5,4.9
319,Ja Morant,PG,21,MEM,21,21,30.5,7.0,15.6,.451,0.8,3.5,.219,6.3,12.1,.518,.476,4.1,5.3,.784,0.9,2.3,3.2,7.7,1.0,0.2,2.8,1.4,19.0
320,Juwan Morgan,PF,23,UTA,14,0,5.0,0.4,0.9,.462,0.2,0.6,.333,0.2,0.3,.750,.577,0.1,0.4,.200,0.3,0.7,1.0,0.2,0.2,0.0,0.1,0.8,1.1
321,Marcus Morris,PF,31,LAC,26,2,24.8,4.3,9.9,.440,2.3,4.9,.469,2.0,5.0,.411,.556,1.5,1.6,.905,0.7,3.1,3.8,1.0,0.6,0.3,1.0,1.9,12.5
322,Markieff Morris,PF,31,LAL,28,4,16.1,1.6,4.3,.380,0.8,2.6,.288,0.9,1.7,.521,.467,0.6,0.9,.680,0.7,2.8,3.5,0.9,0.2,0.2,0.6,1.6,4.6
323,Monte Morris,PG,25,DEN,31,5,26.6,4.0,8.6,.470,1.2,3.3,.373,2.8,5.3,.530,.541,1.4,1.9,.746,0.2,2.1,2.3,3.4,0.7,0.2,0.6,1.0,10.7
324,Mychal Mulder,PG,26,GSW,31,2,10.7,1.4,3.1,.463,1.1,2.6,.427,0.3,0.4,.692,.647,0.3,0.4,.615,0.0,0.9,1.0,0.5,0.2,0.2,0.3,0.9,4.2
325,Dejounte Murray,PG,24,SAS,28,28,30.5,6.4,14.1,.454,1.0,3.2,.311,5.4,10.9,.497,.490,1.8,2.2,.806,0.6,6.6,7.3,5.1,1.6,0.1,1.6,2.2,15.6
326,Jamal Murray,PG,23,DEN,30,30,35.4,7.9,16.7,.476,2.7,6.7,.396,5.3,9.9,.530,.556,2.9,3.5,.821,0.7,3.7,4.4,4.6,1.2,0.3,2.3,2.2,21.4
327,Mike Muscala,C,29,OKC,31,0,18.8,3.4,7.8,.438,2.0,5.4,.363,1.5,2.4,.608,.564,1.0,1.1,.914,0.5,3.3,3.8,0.8,0.2,0.3,0.6,1.6,9.8
328,Sviatoslav Mykhailiuk,SF,23,DET,32,1,16.1,2.2,5.9,.372,1.4,4.4,.326,0.8,1.5,.511,.495,0.8,0.9,.857,0.3,1.7,1.9,1.3,0.6,0.2,0.9,0.8,6.6
329,Abdel Nader,SF,27,PHO,16,0,12.9,2.2,4.3,.507,0.6,1.6,.385,1.6,2.7,.581,.580,0.9,1.1,.778,0.0,2.1,2.1,0.9,0.3,0.1,0.6,1.1,5.9
330,Larry Nance Jr.,PF,28,CLE,19,18,33.4,3.7,7.6,.483,1.3,3.3,.381,2.4,4.3,.561,.566,0.6,1.1,.571,1.4,5.4,6.8,3.2,1.9,0.5,1.5,2.2,9.3
331,Aaron Nesmith,SF,21,BOS,18,0,15.6,1.4,3.5,.397,0.9,2.7,.354,0.4,0.8,.533,.532,0.4,0.7,.667,0.6,1.9,2.4,0.4,0.2,0.3,0.6,2.1,4.2
332,Raul Neto,PG,28,WAS,25,6,19.6,3.1,6.8,.459,1.0,2.7,.373,2.1,4.1,.515,.532,0.9,1.1,.821,0.5,2.0,2.4,1.8,1.2,0.1,0.6,1.3,8.2
333,Georges Niang,PF,27,UTA,33,0,13.2,1.9,4.6,.408,1.2,3.2,.364,0.7,1.4,.511,.536,0.2,0.2,1.000,0.4,1.9,2.3,0.7,0.3,0.1,0.7,1.5,5.1
334,Zeke Nnaji,PF,20,DEN,19,1,9.8,1.3,2.6,.510,0.7,1.7,.438,0.6,0.9,.647,.653,0.2,0.3,.667,0.4,0.7,1.2,0.1,0.1,0.1,0.2,0.6,3.6
335,Nerlens Noel,C,26,NYK,28,6,19.6,1.9,3.3,.581,0.0,0.1,.000,1.9,3.3,.593,.581,0.6,1.0,.621,1.8,3.7,5.5,0.5,0.9,2.0,1.0,2.4,4.5
336,Jaylen Nowell,SG,21,MIN,19,0,15.6,3.3,7.6,.438,1.1,3.2,.344,2.2,4.4,.506,.510,1.2,1.5,.793,0.5,1.2,1.7,0.8,0.4,0.2,0.5,1.6,8.9
337,Frank Ntilikina,PG,22,NYK,5,0,13.2,1.8,4.0,.450,1.2,2.4,.500,0.6,1.6,.375,.600,0.2,0.6,.333,0.2,0.6,0.8,1.0,1.2,0.0,0.6,1.6,5.0
338,Kendrick Nunn,PG,25,MIA,25,13,29.8,5.5,11.6,.472,2.1,5.6,.379,3.4,6.0,.560,.564,1.1,1.2,.903,0.5,2.9,3.4,2.7,1.1,0.3,1.9,2.0,14.2
339,Jusuf Nurkić,C,26,POR,12,12,23.3,4.2,8.6,.485,0.3,1.0,.250,3.9,7.6,.516,.500,1.3,2.3,.556,1.9,5.8,7.7,2.8,0.9,0.9,1.9,2.8,9.8
340,David Nwaba,SF,28,HOU,27,9,22.9,3.6,7.4,.480,0.6,2.3,.279,2.9,5.1,.568,.523,1.6,2.3,.705,1.3,2.4,3.7,1.0,1.1,0.7,0.6,2.1,9.3
341,Jordan Nwora,SF,22,MIL,10,0,8.2,1.7,3.7,.459,0.8,1.6,.500,0.9,2.1,.429,.568,0.9,1.0,.900,0.1,1.4,1.5,0.0,0.4,0.2,1.0,0.9,5.1
342,Royce O'Neale,SF,27,UTA,33,33,32.5,2.6,5.8,.448,1.7,4.1,.419,0.9,1.7,.518,.596,0.7,0.8,.846,1.2,5.5,6.7,2.5,0.8,0.6,1.1,2.9,7.6
343,Semi Ojeleye,PF,26,BOS,31,6,19.1,1.9,4.5,.429,1.2,3.2,.384,0.7,1.3,.537,.564,0.6,0.8,.731,0.6,2.5,3.0,0.8,0.3,0.0,0.4,1.2,5.7
344,Jahlil Okafor,C,25,DET,12,0,10.0,2.1,3.5,.595,0.0,0.3,.000,2.1,3.3,.641,.595,0.1,0.2,.500,1.1,1.2,2.3,0.3,0.2,0.2,0.3,0.8,4.3
345,Chuma Okeke,PF,22,ORL,17,0,21.6,1.7,4.5,.377,0.8,2.2,.368,0.9,2.3,.385,.468,0.2,0.5,.375,1.0,2.5,3.5,2.1,0.9,0.4,0.6,0.9,4.4
346,Josh Okogie,SG,22,MIN,27,18,18.9,1.6,4.5,.344,0.4,1.9,.200,1.2,2.7,.444,.385,1.1,1.4,.763,0.9,1.6,2.5,1.0,0.9,0.5,0.7,1.9,4.6
347,Onyeka Okongwu,C,20,ATL,13,1,10.2,1.4,2.5,.563,0.0,0.1,.000,1.4,2.4,.581,.563,0.7,1.2,.600,0.6,1.8,2.4,0.3,0.4,0.5,0.5,1.5,3.5
348,Isaac Okoro,SG,20,CLE,28,28,33.2,2.9,7.3,.402,0.9,3.0,.306,2.0,4.3,.471,.466,1.2,1.8,.673,0.9,1.7,2.6,1.8,1.1,0.5,1.5,2.9,8.0
349,KZ Okpala,PF,21,MIA,17,5,10.5,0.7,1.9,.364,0.4,1.2,.350,0.3,0.8,.385,.470,0.1,0.4,.333,0.4,1.0,1.4,0.4,0.2,0.1,0.5,1.2,1.9
350,Victor Oladipo,SG,28,TOT,22,22,32.2,7.1,17.7,.403,2.4,7.5,.323,4.7,10.3,.460,.471,2.7,3.6,.747,0.3,5.0,5.2,4.6,1.4,0.4,2.0,2.3,19.4
351,Kelly Olynyk,C,29,MIA,32,27,26.3,3.7,8.6,.428,1.9,5.9,.324,1.8,2.8,.648,.538,0.7,0.9,.750,0.9,4.8,5.8,2.1,0.7,0.6,1.3,2.7,9.9
352,Miye Oni,SG,23,UTA,25,0,7.7,0.5,1.4,.353,0.4,1.2,.379,0.0,0.2,.200,.515,0.2,0.2,.833,0.5,1.2,1.7,0.2,0.1,0.2,0.3,1.1,1.6
353,Cedi Osman,SF,25,CLE,33,15,26.3,4.0,10.6,.377,2.0,6.1,.332,2.0,4.5,.439,.473,1.1,1.4,.787,0.7,2.9,3.6,2.7,0.9,0.1,1.1,2.1,11.2
354,Daniel Oturu,C,21,LAC,10,0,4.2,0.9,1.5,.600,0.0,0.1,.000,0.9,1.4,.643,.600,0.2,0.2,1.000,0.5,0.9,1.4,0.4,0.0,0.3,0.2,0.6,2.0
355,Kelly Oubre Jr.,SF,25,GSW,34,34,30.5,5.8,13.3,.433,1.8,5.4,.324,4.0,7.9,.507,.499,2.2,3.0,.743,1.5,4.5,6.0,1.4,1.1,0.8,1.3,2.2,15.5
356,Jabari Parker,PF,25,SAC,2,0,12.5,2.0,3.5,.571,0.0,0.5,.000,2.0,3.0,.667,.571,0.0,0.0,,0.5,2.5,3.0,0.5,0.0,0.5,1.5,2.0,4.0
357,Eric Paschall,PF,24,GSW,31,2,17.7,3.9,7.6,.511,0.4,1.2,.324,3.5,6.4,.545,.536,1.8,2.5,.731,0.8,2.5,3.3,1.3,0.3,0.1,1.0,1.7,10.0
358,Anžejs Pasečņiks,C,25,WAS,1,0,6.0,0.0,1.0,.000,0.0,1.0,.000,0.0,0.0,,.000,0.0,0.0,,1.0,0.0,1.0,1.0,0.0,0.0,5.0,2.0,0.0
359,Patrick Patterson,PF,31,LAC,10,1,13.0,1.6,3.8,.421,1.0,2.8,.357,0.6,1.0,.600,.553,0.3,0.4,.750,0.4,1.6,2.0,0.5,0.3,0.1,0.7,1.3,4.5
360,Justin Patton,C,23,HOU,3,0,14.7,2.0,3.7,.545,0.3,1.3,.250,1.7,2.3,.714,.591,0.7,0.7,1.000,0.3,2.0,2.3,0.0,0.0,1.7,0.0,2.7,5.0
361,Chris Paul,PG,35,PHO,31,31,32.0,6.3,13.0,.485,1.5,4.0,.384,4.7,8.9,.531,.545,2.5,2.5,.962,0.5,4.2,4.7,8.8,1.3,0.3,2.3,2.6,16.6
362,Cameron Payne,PG,26,PHO,21,0,16.9,2.6,5.4,.478,1.0,2.5,.415,1.5,2.9,.533,.575,0.6,0.6,.923,0.1,1.7,1.8,3.5,0.6,0.2,1.1,1.7,6.8
363,Elfrid Payton,PG,26,NYK,32,32,28.0,5.2,11.8,.441,0.4,1.8,.241,4.8,10.0,.477,.459,1.6,2.1,.735,1.3,2.4,3.7,3.7,0.6,0.2,1.8,2.0,12.4
364,Norvel Pelle,C,27,TOT,4,0,8.0,0.8,2.0,.375,0.0,0.0,,0.8,2.0,.375,.375,0.8,1.0,.750,1.0,1.0,2.0,0.3,0.0,0.8,0.8,2.5,2.3
365,Reggie Perry,PF,20,BRK,14,0,10.5,1.5,3.6,.412,0.1,0.9,.167,1.4,2.8,.487,.431,0.4,0.6,.667,1.2,2.4,3.6,0.9,0.1,0.4,0.8,1.9,3.6
366,Theo Pinson,SG,25,NYK,10,0,2.3,0.1,0.7,.143,0.0,0.6,.000,0.1,0.1,1.000,.143,0.0,0.0,,0.0,0.1,0.1,0.1,0.0,0.0,0.0,0.3,0.2
367,Mason Plumlee,C,30,DET,31,31,28.3,4.2,6.9,.609,0.0,0.2,.000,4.2,6.7,.627,.609,1.8,2.6,.695,2.8,6.3,9.1,3.7,0.9,0.9,2.2,3.5,10.3
368,Jakob Poeltl,C,25,SAS,28,10,22.7,3.0,4.9,.601,0.0,0.0,,3.0,4.9,.601,.601,0.5,1.5,.317,3.0,4.1,7.1,1.8,0.6,1.5,1.1,2.0,6.4
369,Vincent Poirier,C,27,PHI,5,0,4.0,0.2,0.6,.333,0.0,0.0,,0.2,0.6,.333,.333,0.4,0.8,.500,0.4,0.4,0.8,0.2,0.0,0.4,0.4,0.4,0.8
370,Aleksej Pokusevski,PF,19,OKC,17,0,17.4,1.4,5.5,.247,0.6,3.3,.179,0.8,2.2,.351,.301,0.0,0.0,,0.3,3.2,3.5,1.2,0.5,1.1,1.3,0.9,3.3
371,Jordan Poole,SG,21,GSW,15,0,9.5,1.7,4.1,.426,0.9,2.6,.333,0.9,1.5,.591,.533,1.2,1.3,.947,0.1,1.1,1.2,0.9,0.2,0.1,0.5,0.9,5.5
372,Michael Porter Jr.,SF,22,DEN,22,15,28.1,5.2,10.9,.481,2.1,5.5,.385,3.1,5.3,.581,.579,1.4,1.8,.775,1.3,5.1,6.4,1.0,0.9,1.1,1.1,2.3,14.0
373,Otto Porter,SF,27,CHI,16,6,23.3,4.0,9.0,.444,1.8,4.4,.400,2.3,4.6,.486,.542,1.9,2.3,.833,1.3,5.0,6.3,2.0,0.6,0.2,0.9,1.6,11.6
374,Bobby Portis,C,25,MIL,33,2,21.9,4.8,8.8,.545,1.1,2.2,.500,3.7,6.5,.560,.609,0.6,0.9,.655,2.0,5.3,7.3,1.1,0.8,0.5,0.8,1.9,11.3
375,Kristaps Porziņģis,C,25,DAL,17,17,29.9,7.8,16.4,.473,2.2,6.4,.352,5.5,10.1,.550,.541,2.8,3.2,.855,2.1,6.2,8.2,1.3,0.4,1.6,1.2,3.3,20.5
376,Dwight Powell,C,29,DAL,20,8,16.2,1.4,3.1,.443,0.1,0.4,.125,1.3,2.7,.491,.451,2.1,2.8,.745,1.1,2.4,3.4,1.0,0.7,0.4,0.8,2.4,4.8
377,Norman Powell,SG,27,TOR,32,21,29.1,5.9,12.3,.481,2.5,5.7,.432,3.5,6.6,.524,.581,3.3,3.7,.898,0.5,2.5,3.0,1.7,1.2,0.2,1.7,2.0,17.7
378,Taurean Prince,PF,26,TOT,28,10,21.4,2.8,7.2,.381,1.4,3.5,.388,1.4,3.7,.375,.475,1.6,1.9,.849,0.5,3.1,3.6,1.6,0.7,0.7,1.1,1.8,8.5
379,Payton Pritchard,SG,23,BOS,27,1,21.2,2.8,6.2,.449,1.3,3.3,.378,1.5,2.9,.532,.551,0.6,0.6,.938,0.6,1.7,2.3,2.2,0.6,0.2,1.1,1.9,7.4
380,Immanuel Quickley,PG,21,NYK,29,0,18.9,3.7,9.5,.391,1.7,4.6,.371,2.0,5.0,.410,.480,3.1,3.3,.938,0.4,1.8,2.2,2.5,0.4,0.3,0.9,2.1,12.2
381,Jahmi'us Ramsey,SG,19,SAC,4,0,4.0,0.5,1.0,.500,0.3,0.8,.333,0.3,0.3,1.000,.625,0.0,0.0,,0.0,1.0,1.0,0.3,0.0,0.3,0.3,0.0,1.3
382,Chasson Randle,PG,27,ORL,5,0,19.2,1.6,3.6,.444,0.6,2.2,.273,1.0,1.4,.714,.528,1.0,1.4,.714,0.2,2.2,2.4,1.8,0.0,0.2,1.2,2.8,4.8
383,Julius Randle,PF,26,NYK,33,33,36.5,8.1,17.0,.478,1.9,4.5,.416,6.2,12.5,.500,.533,5.1,6.3,.808,1.5,9.5,11.0,5.5,0.7,0.2,3.3,3.2,23.2
384,Cam Reddish,SF,21,ATL,26,21,28.8,3.7,10.1,.365,1.3,4.8,.262,2.4,5.3,.460,.428,2.6,3.2,.817,0.8,3.2,4.0,1.3,1.3,0.3,1.3,2.6,11.2
385,J.J. Redick,SG,36,NOP,29,0,18.2,2.5,6.6,.382,1.6,4.5,.359,0.9,2.1,.433,.505,1.3,1.4,.950,0.1,1.6,1.7,1.3,0.3,0.1,0.8,1.2,8.0
386,Paul Reed,PF,21,PHI,5,0,11.0,1.8,4.4,.409,0.0,0.6,.000,1.8,3.8,.474,.409,0.0,0.0,,1.4,0.6,2.0,0.6,0.2,0.8,1.0,0.8,3.6
387,Naz Reid,C,21,MIN,31,13,21.0,4.6,9.1,.509,1.0,2.8,.356,3.6,6.3,.577,.564,1.6,2.2,.739,1.2,3.8,5.0,1.3,0.6,1.2,1.2,3.0,11.9
388,Nick Richards,PF,23,CHO,8,0,2.9,0.4,0.8,.500,0.0,0.0,,0.4,0.8,.500,.500,0.6,0.8,.833,0.3,0.5,0.8,0.0,0.0,0.0,0.1,0.5,1.4
389,Josh Richardson,SG,27,DAL,22,22,31.7,4.6,10.6,.433,1.5,5.1,.301,3.0,5.5,.558,.506,2.1,2.3,.940,1.0,2.3,3.3,2.5,0.8,0.2,1.5,2.9,12.9
390,Austin Rivers,SG,28,NYK,21,2,21.0,2.8,6.4,.430,1.3,3.7,.364,1.4,2.8,.517,.533,0.5,0.7,.714,0.2,2.0,2.2,2.0,0.6,0.0,1.0,1.5,7.3
391,Andre Roberson,SG,29,BRK,2,0,11.0,0.0,1.5,.000,0.0,1.0,.000,0.0,0.5,.000,.000,0.0,0.0,,0.5,2.0,2.5,1.0,0.5,0.5,0.5,0.5,0.0
392,Duncan Robinson,SF,26,MIA,33,33,33.6,4.3,9.9,.433,3.4,8.5,.398,0.9,1.5,.633,.602,1.3,1.5,.840,0.1,4.0,4.0,1.5,0.5,0.2,1.4,2.5,13.2
393,Glenn Robinson III,SF,27,SAC,23,2,16.0,1.8,4.3,.424,0.7,1.9,.364,1.1,2.4,.473,.505,0.9,1.0,.913,0.5,1.5,2.0,0.9,0.2,0.1,0.5,1.0,5.3
394,Jerome Robinson,SG,23,WAS,13,3,17.0,1.7,5.2,.328,0.7,2.4,.290,1.0,2.8,.361,.396,1.2,1.3,.882,0.2,2.4,2.5,1.4,0.5,0.2,0.8,1.6,5.2
395,Mitchell Robinson,C,22,NYK,27,27,28.8,3.8,5.8,.660,0.0,0.0,,3.8,5.8,.660,.660,0.8,1.7,.478,3.6,4.8,8.4,0.5,1.2,1.5,0.8,2.9,8.4
396,Isaiah Roby,PF,22,OKC,27,11,20.8,3.3,6.1,.537,0.6,1.7,.378,2.6,4.4,.597,.588,1.2,1.7,.702,1.5,3.7,5.2,1.6,0.7,0.6,1.1,2.8,8.4
397,Rajon Rondo,PG,34,ATL,17,2,15.3,1.5,3.9,.388,0.6,1.8,.355,0.9,2.1,.417,.470,0.1,0.1,.500,0.2,1.9,2.2,3.6,0.6,0.1,1.5,1.0,3.8
398,Derrick Rose,PG,32,TOT,23,1,22.5,5.0,11.7,.425,0.9,2.4,.364,4.1,9.3,.441,.463,2.6,3.0,.855,0.3,1.9,2.2,4.2,1.1,0.3,1.8,1.1,13.3
399,Terrence Ross,SG,29,ORL,32,1,28.8,5.5,13.3,.411,2.1,5.8,.353,3.4,7.5,.456,.488,2.3,2.5,.889,0.3,3.1,3.4,2.2,1.1,0.5,1.8,1.9,15.3
400,Terry Rozier,SG,26,CHO,30,30,33.7,7.4,15.1,.492,3.4,7.6,.443,4.1,7.5,.542,.604,2.3,2.9,.814,0.6,3.4,3.9,3.1,1.3,0.4,1.9,2.0,20.6
401,Ricky Rubio,PG,30,MIN,31,16,25.4,2.6,6.9,.385,0.7,2.3,.306,1.9,4.5,.426,.437,1.7,2.1,.818,0.4,2.8,3.2,6.5,1.2,0.0,2.0,2.3,7.7
402,D'Angelo Russell,PG,24,MIN,20,19,29.2,7.0,16.3,.426,3.0,7.4,.399,4.0,8.9,.449,.517,2.4,3.2,.750,0.5,2.2,2.6,5.1,1.1,0.5,2.7,2.0,19.3
403,Domantas Sabonis,PF,24,IND,31,31,36.5,8.1,15.3,.531,1.0,2.8,.349,7.1,12.5,.571,.562,4.4,6.2,.717,2.7,8.8,11.5,5.8,1.0,0.6,3.4,3.6,21.6
404,Luka Šamanić,PF,21,SAS,5,1,5.8,0.8,1.8,.444,0.4,0.8,.500,0.4,1.0,.400,.556,0.2,0.4,.500,0.2,0.6,0.8,0.0,0.0,0.0,0.2,0.2,2.2
405,JaKarr Sampson,PF,27,IND,13,0,6.0,0.8,1.9,.440,0.0,0.2,.000,0.8,1.7,.500,.440,0.6,0.8,.800,0.5,1.5,2.0,0.0,0.1,0.2,0.2,0.7,2.3
406,Dario Šarić,PF,26,PHO,14,0,17.6,3.6,7.9,.464,1.2,3.4,.354,2.4,4.4,.548,.541,2.1,2.2,.935,0.9,3.2,4.1,1.1,0.9,0.1,1.2,1.9,10.6
407,Tomáš Satoranský,SG,29,CHI,21,0,20.8,2.8,4.9,.563,0.9,1.7,.500,1.9,3.2,.597,.650,1.2,1.4,.897,0.3,2.2,2.6,4.4,0.5,0.2,1.5,1.1,7.6
408,Dennis Schröder,SG,27,LAL,30,30,31.1,5.1,11.6,.441,1.0,3.1,.315,4.1,8.5,.486,.483,3.3,4.0,.833,0.6,3.0,3.6,4.2,0.9,0.2,2.2,2.7,14.5
409,Mike Scott,PF,32,PHI,14,3,16.8,1.4,3.9,.345,1.0,3.1,.318,0.4,0.8,.455,.473,0.1,0.2,.667,0.3,2.4,2.7,0.1,0.2,0.1,0.5,1.1,3.9
410,Collin Sexton,SG,22,CLE,28,28,35.6,8.5,17.5,.487,1.6,4.0,.402,6.9,13.5,.512,.533,4.5,5.6,.801,0.7,1.8,2.5,4.2,1.0,0.1,2.7,2.9,23.1
411,Landry Shamet,SG,23,BRK,30,0,19.0,2.5,6.4,.387,1.7,4.7,.362,0.8,1.7,.460,.521,1.0,1.2,.886,0.2,1.6,1.7,1.2,0.5,0.1,0.8,1.2,7.7
412,Iman Shumpert,SG,30,BRK,1,0,6.0,1.0,2.0,.500,0.0,1.0,.000,1.0,1.0,1.000,.500,0.0,0.0,,1.0,0.0,1.0,0.0,0.0,0.0,0.0,0.0,2.0
413,Pascal Siakam,PF,26,TOR,30,30,35.8,7.4,16.3,.453,1.2,4.1,.295,6.2,12.3,.505,.490,4.1,5.0,.819,1.9,5.5,7.5,4.8,1.2,0.7,2.2,3.1,20.1
414,Chris Silva,PF,24,MIA,6,0,8.8,1.0,1.5,.667,0.2,0.2,1.000,0.8,1.3,.625,.722,1.7,2.0,.833,1.2,1.8,3.0,1.0,0.2,0.3,1.3,2.3,3.8
415,Ben Simmons,PG,24,PHI,28,28,33.6,5.9,10.5,.567,0.0,0.2,.167,5.9,10.3,.575,.568,3.8,5.6,.675,1.8,6.4,8.1,7.9,1.6,0.8,3.1,3.1,15.7
416,Anfernee Simons,SG,21,POR,29,0,17.5,2.8,7.2,.394,2.1,5.1,.412,0.7,2.1,.350,.541,0.8,0.9,.846,0.2,2.3,2.5,1.2,0.2,0.2,0.9,1.8,8.5
417,Deividas Sirvydis,SG,20,DET,4,0,1.3,0.0,0.5,.000,0.0,0.5,.000,0.0,0.0,,.000,0.0,0.0,,0.0,0.0,0.0,0.3,0.0,0.0,0.0,0.0,0.0
418,Marcus Smart,PG,26,BOS,17,17,32.3,4.4,11.1,.394,1.6,5.3,.311,2.7,5.8,.469,.468,2.7,3.6,.742,0.4,2.4,2.8,6.1,1.8,0.5,1.8,2.3,13.1
419,Dennis Smith Jr.,PG,23,TOT,12,4,16.3,2.6,6.7,.388,0.8,2.6,.290,1.8,4.1,.449,.444,0.8,1.0,.750,0.4,1.2,1.6,2.7,1.0,0.6,1.0,1.4,6.7
420,Ish Smith,PG,32,WAS,19,1,20.6,2.3,6.1,.379,0.3,1.1,.250,2.1,5.1,.406,.401,0.3,0.8,.400,0.5,2.9,3.5,4.7,0.8,0.2,1.0,0.9,5.2
421,Jalen Smith,PF,20,PHO,9,0,5.7,0.7,1.9,.353,0.2,0.8,.286,0.4,1.1,.400,.412,0.0,0.2,.000,0.6,0.6,1.1,0.2,0.0,0.2,0.1,0.3,1.6
422,Tony Snell,SG,29,ATL,20,3,16.1,1.5,3.5,.435,1.4,2.5,.551,0.2,1.0,.150,.630,0.0,0.0,,0.5,1.4,1.9,1.1,0.2,0.3,0.5,1.2,4.4
423,Ray Spalding,C,23,HOU,2,0,9.5,1.0,2.0,.500,0.0,0.5,.000,1.0,1.5,.667,.500,0.0,1.0,.000,1.0,1.0,2.0,0.0,0.0,1.0,1.5,1.5,2.0
424,Cassius Stanley,SG,21,IND,8,0,2.9,0.3,0.9,.286,0.1,0.3,.500,0.1,0.6,.200,.357,0.5,0.6,.800,0.3,0.1,0.4,0.0,0.0,0.3,0.1,0.9,1.1
425,Lamar Stevens,PF,23,CLE,22,0,14.3,1.7,4.1,.418,0.1,0.7,.125,1.6,3.4,.480,.429,1.0,1.4,.700,0.5,2.1,2.5,1.0,0.5,0.3,0.5,1.4,4.5
426,Isaiah Stewart,C,19,DET,31,2,18.0,2.3,4.3,.538,0.0,0.2,.200,2.3,4.1,.551,.542,0.7,1.0,.688,2.5,3.2,5.7,0.7,0.5,1.0,0.9,2.6,5.3
427,Max Strus,SF,24,MIA,18,0,15.3,2.5,5.5,.455,1.7,4.6,.366,0.8,0.9,.882,.606,0.5,0.7,.750,0.1,1.0,1.1,0.6,0.2,0.0,0.2,1.3,7.2
428,Edmond Sumner,SG,25,IND,18,4,9.4,1.4,2.9,.491,0.3,1.0,.278,1.2,1.9,.600,.538,0.7,1.1,.684,0.4,1.0,1.4,0.5,0.6,0.1,0.6,1.1,3.9
429,Jae'Sean Tate,SF,25,HOU,31,21,27.4,4.0,7.5,.537,0.7,2.1,.328,3.3,5.4,.617,.582,1.1,1.5,.729,1.8,3.4,5.2,1.7,0.9,0.5,1.1,3.0,9.8
430,Jayson Tatum,SF,22,BOS,28,28,35.5,9.0,20.9,.432,2.6,7.1,.372,6.4,13.8,.464,.496,4.3,5.0,.871,0.6,6.3,6.9,4.5,1.3,0.5,2.5,1.9,25.0
431,Jeff Teague,PG,32,BOS,25,4,17.8,2.0,5.8,.340,0.7,1.6,.425,1.3,4.2,.308,.399,1.6,1.8,.909,0.3,1.5,1.8,2.1,0.9,0.2,1.2,1.2,6.2
432,Garrett Temple,SG,34,CHI,31,10,28.3,3.3,7.5,.435,1.5,4.0,.360,1.8,3.5,.523,.532,0.8,1.1,.788,0.5,2.6,3.2,2.0,1.0,0.5,1.0,2.3,8.8
433,Tyrell Terry,PG,20,DAL,11,0,5.1,0.5,1.5,.313,0.0,0.6,.000,0.5,0.8,.556,.313,0.1,0.3,.333,0.0,0.5,0.5,0.5,0.5,0.0,0.2,0.2,1.0
434,Daniel Theis,C,28,BOS,31,26,24.6,3.6,6.4,.563,0.8,2.2,.382,2.8,4.2,.656,.628,1.0,1.5,.660,1.2,3.8,5.0,1.4,0.6,1.2,1.1,2.9,9.1
435,Brodric Thomas,SG,24,HOU,4,0,6.0,0.5,1.8,.286,0.3,1.5,.167,0.3,0.3,1.000,.357,1.3,1.8,.714,0.3,0.8,1.0,1.0,0.3,0.3,1.0,1.3,2.5
436,Matt Thomas,SG,26,TOR,20,0,6.2,0.7,2.0,.359,0.5,1.4,.357,0.2,0.6,.364,.487,0.2,0.2,1.000,0.1,0.7,0.7,0.5,0.1,0.0,0.3,0.3,2.1
437,Tristan Thompson,PF,29,BOS,31,26,22.9,3.2,5.9,.538,0.0,0.1,.000,3.2,5.8,.547,.538,1.4,2.2,.632,3.0,5.4,8.3,0.9,0.4,0.4,0.9,2.2,7.7
438,Sindarius Thornwell,SG,26,NOP,11,1,4.8,0.5,1.2,.462,0.3,0.5,.500,0.3,0.6,.429,.577,0.0,0.2,.000,0.1,0.2,0.3,0.2,0.4,0.0,0.2,0.3,1.4
439,Matisse Thybulle,SG,23,PHI,30,2,17.9,1.2,3.2,.375,0.5,2.0,.262,0.7,1.2,.571,.458,0.2,0.4,.500,0.4,1.0,1.4,0.9,1.4,0.9,0.4,2.1,3.1
440,Xavier Tillman Sr.,PF,22,MEM,24,7,20.9,3.3,6.3,.520,0.4,1.3,.281,2.9,4.9,.585,.550,0.7,0.9,.762,1.5,3.2,4.8,1.6,1.0,0.6,0.8,2.3,7.5
441,Obi Toppin,PF,22,NYK,23,0,12.1,2.0,4.0,.489,0.5,1.7,.300,1.4,2.3,.635,.554,0.3,0.5,.667,0.3,2.1,2.4,0.5,0.3,0.4,0.5,0.9,4.8
442,Juan Toscano-Anderson,SG,27,GSW,20,12,19.8,2.3,4.2,.554,0.7,1.5,.433,1.7,2.7,.623,.633,0.5,0.7,.714,0.7,3.6,4.2,2.2,0.5,0.6,1.0,2.1,5.8
443,Karl-Anthony Towns,C,25,MIN,13,13,32.8,8.2,15.8,.515,1.9,4.8,.403,6.2,11.1,.563,.575,4.2,4.5,.948,3.2,7.5,10.7,4.2,1.0,1.8,3.1,3.6,22.5
444,Gary Trent Jr.,SG,22,POR,30,17,30.9,5.6,13.2,.425,3.2,7.8,.416,2.4,5.4,.438,.548,1.0,1.3,.750,0.5,1.6,2.1,1.4,0.7,0.2,0.7,1.5,15.4
445,P.J. Tucker,PF,35,HOU,29,29,29.9,1.6,4.3,.368,0.9,2.8,.321,0.7,1.5,.455,.472,0.5,0.7,.789,1.0,3.7,4.7,1.4,0.8,0.5,1.0,2.9,4.6
446,Myles Turner,C,24,IND,29,29,31.4,4.6,9.6,.480,1.4,4.6,.316,3.2,5.0,.630,.556,2.7,3.3,.804,1.3,5.4,6.7,1.0,1.1,3.4,1.3,3.7,13.4
447,Jonas Valančiūnas,C,28,MEM,24,23,27.7,6.5,11.8,.553,0.4,1.1,.370,6.1,10.7,.572,.570,2.8,3.6,.759,3.4,7.9,11.3,1.9,0.6,0.7,2.0,3.0,16.3
448,Denzel Valentine,SG,27,CHI,28,3,19.7,3.0,8.0,.372,1.6,4.7,.344,1.4,3.3,.413,.473,0.2,0.2,1.000,0.4,3.7,4.1,1.8,0.8,0.0,0.6,1.2,7.8
449,Jarred Vanderbilt,PF,21,MIN,31,14,19.2,2.5,4.1,.611,0.0,0.1,.500,2.5,4.0,.613,.615,1.0,1.9,.552,1.8,4.0,5.7,1.6,1.1,0.6,0.9,2.2,6.0
450,Fred VanVleet,SG,26,TOR,34,34,36.7,6.6,16.6,.400,3.4,8.8,.383,3.3,7.9,.419,.501,3.5,3.9,.894,0.7,3.8,4.4,6.6,1.7,0.8,2.0,2.4,20.1
451,Devin Vassell,SF,20,SAS,26,1,17.3,1.9,4.8,.397,1.0,2.4,.397,1.0,2.4,.397,.496,0.7,0.8,.857,0.6,2.6,3.2,1.1,1.1,0.3,0.5,1.2,5.5
452,Gabe Vincent,PG,24,MIA,23,5,14.8,2.0,5.6,.359,0.9,3.5,.263,1.1,2.1,.521,.441,0.7,0.8,.895,0.1,1.0,1.1,1.3,0.4,0.0,0.8,1.9,5.7
453,Noah Vonleh,PF,25,BRK,4,0,2.8,0.0,0.8,.000,0.0,0.5,.000,0.0,0.3,.000,.000,0.0,0.0,,0.0,0.3,0.3,0.3,0.0,0.0,0.5,0.5,0.0
454,Nikola Vučević,C,30,ORL,33,33,33.7,9.7,20.1,.480,2.5,6.4,.400,7.1,13.8,.518,.544,2.2,2.6,.837,1.9,9.8,11.7,3.6,1.0,0.6,1.7,1.7,24.1
455,Dean Wade,PF,24,CLE,25,2,9.3,0.9,2.2,.411,0.6,1.5,.378,0.4,0.8,.474,.536,0.2,0.3,.714,0.4,1.1,1.5,0.6,0.2,0.2,0.4,0.7,2.6
456,Moritz Wagner,C,23,WAS,18,7,14.4,2.6,4.6,.561,0.4,1.4,.320,2.1,3.2,.667,.610,1.4,2.1,.703,0.5,2.8,3.3,1.3,0.6,0.3,0.6,2.4,7.0
457,Kemba Walker,PG,30,BOS,17,17,29.4,6.1,15.9,.385,2.8,8.0,.353,3.3,7.9,.418,.474,3.1,3.3,.929,0.4,3.2,3.6,4.2,1.1,0.3,2.1,1.5,18.1
458,Lonnie Walker,SG,22,SAS,26,23,26.9,4.1,10.2,.400,1.6,4.5,.350,2.5,5.7,.439,.477,1.1,1.3,.800,0.2,2.8,3.0,1.7,0.5,0.3,1.1,2.2,10.8
459,John Wall,PG,30,HOU,22,22,31.1,7.3,17.0,.432,2.0,5.9,.349,5.3,11.1,.475,.492,3.5,4.6,.755,0.5,3.0,3.5,6.4,1.0,0.7,3.3,1.3,20.2
460,Brad Wanamaker,PG,31,GSW,34,0,16.1,1.5,4.2,.357,0.4,1.5,.231,1.1,2.7,.429,.399,1.3,1.5,.882,0.2,1.5,1.7,2.5,0.8,0.1,0.9,1.4,4.7
461,T.J. Warren,SF,27,IND,4,4,29.3,6.8,12.8,.529,0.0,1.8,.000,6.8,11.0,.614,.529,2.0,2.5,.800,0.5,3.0,3.5,1.3,0.5,0.0,1.0,4.0,15.5
462,P.J. Washington,PF,22,CHO,28,28,28.8,4.1,9.4,.437,1.3,3.4,.365,2.9,6.0,.479,.504,2.1,2.8,.769,1.5,4.8,6.3,3.0,1.1,1.1,2.1,2.8,11.6
463,Yuta Watanabe,SF,26,TOR,21,0,12.2,1.0,2.7,.351,0.6,1.5,.387,0.4,1.2,.308,.456,0.4,0.4,1.000,0.8,2.4,3.2,0.4,0.4,0.6,0.4,1.0,2.9
464,Tremont Waters,PG,23,BOS,10,1,9.8,1.0,3.1,.323,0.6,1.5,.400,0.4,1.6,.250,.419,0.7,0.8,.875,0.2,0.6,0.8,3.0,0.6,0.0,1.3,0.6,3.3
465,Paul Watson,SF,26,TOR,14,0,3.1,0.6,1.1,.600,0.6,0.9,.667,0.1,0.2,.333,.867,0.0,0.0,,0.1,0.6,0.6,0.1,0.0,0.1,0.1,0.5,1.9
466,Quinndary Weatherspoon,SG,24,SAS,5,0,4.8,0.2,1.0,.200,0.0,0.2,.000,0.2,0.8,.250,.200,0.4,0.4,1.000,0.0,0.4,0.4,0.6,0.2,0.0,1.2,1.4,0.8
467,Russell Westbrook,PG,32,WAS,23,23,34.1,7.7,18.1,.424,1.0,3.7,.286,6.7,14.5,.459,.453,3.3,5.4,.608,1.7,8.0,9.7,9.7,0.9,0.3,4.8,2.9,19.7
468,Coby White,PG,20,CHI,32,32,33.1,5.8,13.9,.417,2.3,6.7,.349,3.5,7.2,.481,.501,1.9,2.1,.882,0.4,4.6,5.0,5.2,0.3,0.2,2.4,2.5,15.8
469,Derrick White,SG,26,SAS,8,4,23.6,4.3,10.8,.395,1.9,5.5,.341,2.4,5.3,.452,.483,1.4,1.9,.733,0.1,1.6,1.8,3.9,1.0,1.0,0.9,2.3,11.8
470,Hassan Whiteside,C,31,SAC,23,1,14.6,3.5,6.0,.580,0.0,0.0,.000,3.5,6.0,.584,.580,1.3,2.4,.545,1.6,4.2,5.7,0.5,0.3,1.3,1.0,1.8,8.3
471,Andrew Wiggins,PF,25,GSW,34,34,32.4,6.7,14.4,.465,1.8,5.1,.354,4.9,9.3,.527,.529,2.3,3.4,.667,1.0,3.6,4.6,2.2,0.8,1.2,1.9,2.3,17.5
472,Grant Williams,PF,22,BOS,26,6,18.8,1.8,4.0,.438,0.8,2.1,.400,0.9,1.9,.480,.543,0.6,1.1,.517,1.0,2.0,3.0,1.0,0.5,0.4,1.0,2.8,5.0
473,Kenrich Williams,PF,26,OKC,33,6,18.7,2.5,4.5,.544,0.5,1.3,.409,1.9,3.2,.600,.604,0.4,0.6,.619,1.3,2.7,4.0,1.7,0.8,0.2,0.9,1.7,5.8
474,Lou Williams,PG,34,LAC,32,3,22.5,4.5,10.5,.424,1.1,2.8,.389,3.4,7.7,.437,.476,2.3,2.7,.862,0.4,2.0,2.4,3.7,0.9,0.1,1.5,0.9,12.4
475,Patrick Williams,PF,19,CHI,31,31,28.4,3.7,8.1,.464,0.9,2.3,.380,2.9,5.8,.497,.518,1.6,2.0,.810,0.9,4.0,4.9,1.2,0.8,0.7,1.5,2.2,10.0
476,Robert Williams,C,23,BOS,26,0,15.6,3.0,4.1,.720,0.0,0.0,.000,3.0,4.1,.726,.720,0.7,1.1,.621,2.3,3.5,5.7,0.9,1.0,1.4,0.9,1.8,6.6
477,Zion Williamson,PF,20,NOP,31,31,32.9,9.9,16.0,.618,0.2,0.6,.316,9.7,15.4,.630,.624,5.6,7.8,.712,2.5,4.4,6.8,3.3,0.9,0.7,2.4,2.5,25.6
478,D.J. Wilson,PF,24,MIL,10,0,9.4,1.4,3.7,.378,0.8,2.3,.348,0.6,1.4,.429,.486,0.1,0.2,.500,0.3,1.9,2.2,0.3,0.1,0.3,0.4,1.2,3.7
479,Dylan Windler,SF,24,CLE,19,0,18.5,2.2,4.6,.477,1.2,2.9,.418,1.0,1.7,.576,.608,0.9,1.1,.857,0.7,3.1,3.7,1.3,0.5,0.5,0.8,1.3,6.6
480,Justise Winslow,SF,24,MEM,3,0,22.7,2.7,10.7,.250,0.7,3.3,.200,2.0,7.3,.273,.281,1.0,2.0,.500,1.0,4.3,5.3,1.0,0.7,0.3,1.7,2.7,7.0
481,Cassius Winston,PG,22,WAS,6,0,7.3,0.7,1.7,.400,0.5,1.2,.429,0.2,0.5,.333,.550,0.3,0.3,1.000,0.0,0.7,0.7,1.0,0.0,0.2,0.2,0.7,2.2
482,James Wiseman,C,19,GSW,23,16,20.4,5.0,9.7,.523,0.4,1.0,.435,4.6,8.7,.533,.545,1.8,2.8,.646,1.4,4.4,5.8,0.7,0.4,1.1,1.6,3.1,12.3
483,Christian Wood,C,25,HOU,17,17,31.2,8.8,15.7,.558,1.9,4.5,.421,6.9,11.2,.613,.618,2.6,3.8,.688,1.8,8.4,10.2,1.3,0.9,1.5,1.8,1.9,22.0
484,Robert Woodard,SF,21,SAC,6,0,2.8,1.0,1.8,.545,0.2,0.5,.333,0.8,1.3,.625,.591,0.0,0.3,.000,0.5,0.8,1.3,0.0,0.0,0.0,0.2,0.0,2.2
485,Delon Wright,SG,28,DET,29,24,29.2,3.8,8.1,.468,1.0,2.5,.384,2.8,5.6,.506,.528,2.1,2.7,.785,1.1,3.5,4.6,4.9,1.4,0.5,1.2,1.1,10.7
486,Thaddeus Young,PF,32,CHI,28,0,25.1,5.5,9.1,.598,0.2,0.8,.227,5.3,8.4,.632,.607,0.8,1.5,.488,2.4,3.5,5.9,4.4,1.3,0.5,1.9,2.8,11.9
487,Trae Young,PG,22,ATL,31,31,34.7,7.9,18.2,.434,2.4,6.5,.373,5.5,11.7,.467,.500,8.6,9.8,.875,0.8,3.3,4.1,9.5,0.8,0.3,4.3,1.9,26.8
488,Cody Zeller,C,28,CHO,18,15,23.4,4.1,7.9,.514,0.2,1.1,.158,3.9,6.8,.569,.525,1.4,1.8,.758,2.6,5.0,7.6,2.4,0.6,0.6,1.1,2.6,9.7
489,Ivica Zubac,C,23,LAC,35,1,19.7,3.1,4.7,.675,0.0,0.0,.000,3.1,4.6,.679,.675,1.9,2.4,.819,2.3,4.6,6.9,1.1,0.3,0.9,1.0,2.5,8.2
